7.538795471191406250e-04
6.792545318603515625e-04
6.740093231201171875e-04
6.735324859619140625e-04
6.737709045410156250e-04
6.730556488037109375e-04
6.670951843261718750e-04
6.732940673828125000e-04
6.728172302246093750e-04
6.654262542724609375e-04
6.740093231201171875e-04
6.728172302246093750e-04
6.744861602783203125e-04
6.737709045410156250e-04
6.637573242187500000e-04
6.737709045410156250e-04
6.752014160156250000e-04
6.732940673828125000e-04
6.735324859619140625e-04
6.690025329589843750e-04
6.737709045410156250e-04
6.651878356933593750e-04
6.742477416992187500e-04
6.728172302246093750e-04
6.785392761230468750e-04
6.825923919677734375e-04
6.749629974365234375e-04
6.749629974365234375e-04
6.742477416992187500e-04
6.752014160156250000e-04
6.752014160156250000e-04
6.737709045410156250e-04
6.740093231201171875e-04
6.723403930664062500e-04
6.642341613769531250e-04
7.052421569824218750e-04
6.673336029052734375e-04
6.744861602783203125e-04
6.682872772216796875e-04
6.766319274902343750e-04
6.718635559082031250e-04
6.687641143798828125e-04
6.744861602783203125e-04
6.747245788574218750e-04
6.725788116455078125e-04
6.740093231201171875e-04
6.721019744873046875e-04
6.740093231201171875e-04
6.670951843261718750e-04
6.747245788574218750e-04
6.725788116455078125e-04
6.735324859619140625e-04
6.725788116455078125e-04
6.833076477050781250e-04
6.737709045410156250e-04
6.642341613769531250e-04
6.735324859619140625e-04
6.675720214843750000e-04
6.756782531738281250e-04
6.744861602783203125e-04
6.728172302246093750e-04
6.730556488037109375e-04
6.670951843261718750e-04
6.740093231201171875e-04
6.661415100097656250e-04
6.663799285888671875e-04
6.732940673828125000e-04
6.675720214843750000e-04
6.728172302246093750e-04
6.723403930664062500e-04
6.737709045410156250e-04
6.740093231201171875e-04
6.728172302246093750e-04
6.706714630126953125e-04
6.659030914306640625e-04
7.209777832031250000e-04
6.725788116455078125e-04
6.711483001708984375e-04
6.752014160156250000e-04
6.797313690185546875e-04
6.730556488037109375e-04
6.752014160156250000e-04
6.737709045410156250e-04
6.749629974365234375e-04
7.014274597167968750e-04
6.732940673828125000e-04
7.212162017822265625e-04
6.740093231201171875e-04
6.840229034423828125e-04
6.749629974365234375e-04
6.752014160156250000e-04
6.740093231201171875e-04
6.661415100097656250e-04
6.752014160156250000e-04
6.728172302246093750e-04
6.749629974365234375e-04
6.916522979736328125e-04
6.773471832275390625e-04
6.747245788574218750e-04
6.744861602783203125e-04
6.742477416992187500e-04
6.799697875976562500e-04
6.744861602783203125e-04
7.164478302001953125e-04
7.264614105224609375e-04
6.754398345947265625e-04
6.761550903320312500e-04
6.670951843261718750e-04
6.794929504394531250e-04
6.771087646484375000e-04
6.742477416992187500e-04
6.713867187500000000e-04
6.668567657470703125e-04
6.740093231201171875e-04
6.678104400634765625e-04
6.730556488037109375e-04
6.673336029052734375e-04
6.756782531738281250e-04
6.716251373291015625e-04
6.742477416992187500e-04
6.742477416992187500e-04
6.761550903320312500e-04
6.747245788574218750e-04
6.732940673828125000e-04
6.742477416992187500e-04
6.737709045410156250e-04
6.906986236572265625e-04
6.732940673828125000e-04
6.737709045410156250e-04
6.735324859619140625e-04
6.732940673828125000e-04
6.754398345947265625e-04
6.752014160156250000e-04
6.666183471679687500e-04
6.744861602783203125e-04
6.685256958007812500e-04
6.737709045410156250e-04
6.744861602783203125e-04
6.856918334960937500e-04
6.752014160156250000e-04
6.752014160156250000e-04
6.685256958007812500e-04
6.752014160156250000e-04
6.761550903320312500e-04
6.754398345947265625e-04
6.761550903320312500e-04
6.744861602783203125e-04
6.711483001708984375e-04
6.749629974365234375e-04
6.742477416992187500e-04
6.682872772216796875e-04
6.685256958007812500e-04
6.709098815917968750e-04
6.704330444335937500e-04
6.678104400634765625e-04
6.744861602783203125e-04
6.742477416992187500e-04
6.737709045410156250e-04
6.742477416992187500e-04
6.682872772216796875e-04
6.632804870605468750e-04
6.735324859619140625e-04
6.642341613769531250e-04
6.747245788574218750e-04
6.737709045410156250e-04
6.687641143798828125e-04
6.730556488037109375e-04
6.639957427978515625e-04
6.735324859619140625e-04
6.766319274902343750e-04
6.740093231201171875e-04
6.670951843261718750e-04
6.747245788574218750e-04
6.732940673828125000e-04
6.699562072753906250e-04
6.723403930664062500e-04
6.802082061767578125e-04
6.904602050781250000e-04
6.752014160156250000e-04
6.678104400634765625e-04
6.730556488037109375e-04
6.761550903320312500e-04
6.883144378662109375e-04
6.666183471679687500e-04
6.752014160156250000e-04
6.670951843261718750e-04
6.749629974365234375e-04
6.675720214843750000e-04
6.744861602783203125e-04
6.740093231201171875e-04
6.752014160156250000e-04
6.725788116455078125e-04
6.740093231201171875e-04
6.687641143798828125e-04
6.713867187500000000e-04
6.740093231201171875e-04
6.737709045410156250e-04
6.740093231201171875e-04
6.742477416992187500e-04
6.673336029052734375e-04
1.161813735961914062e-03
6.971359252929687500e-04
6.825923919677734375e-04
6.885528564453125000e-04
6.835460662841796875e-04
6.811618804931640625e-04
6.647109985351562500e-04
6.785392761230468750e-04
6.654262542724609375e-04
6.675720214843750000e-04
6.842613220214843750e-04
6.608963012695312500e-04
6.718635559082031250e-04
6.828308105468750000e-04
6.828308105468750000e-04
6.644725799560546875e-04
6.825923919677734375e-04
6.842613220214843750e-04
6.732940673828125000e-04
6.670951843261718750e-04
6.647109985351562500e-04
6.709098815917968750e-04
6.735324859619140625e-04
6.666183471679687500e-04
6.599426269531250000e-04
6.709098815917968750e-04
6.899833679199218750e-04
6.718635559082031250e-04
6.659030914306640625e-04
6.687641143798828125e-04
6.656646728515625000e-04
6.663799285888671875e-04
6.690025329589843750e-04
6.678104400634765625e-04
6.804466247558593750e-04
6.816387176513671875e-04
6.821155548095703125e-04
6.818771362304687500e-04
6.761550903320312500e-04
6.830692291259765625e-04
6.771087646484375000e-04
6.678104400634765625e-04
6.823539733886718750e-04
6.804466247558593750e-04
6.756782531738281250e-04
6.678104400634765625e-04
6.668567657470703125e-04
6.661415100097656250e-04
6.666183471679687500e-04
6.616115570068359375e-04
6.666183471679687500e-04
6.687641143798828125e-04
6.611347198486328125e-04
6.811618804931640625e-04
6.701946258544921875e-04
6.759166717529296875e-04
6.744861602783203125e-04
6.678104400634765625e-04
6.668567657470703125e-04
6.873607635498046875e-04
6.768703460693359375e-04
6.790161132812500000e-04
6.749629974365234375e-04
6.747245788574218750e-04
6.742477416992187500e-04
6.747245788574218750e-04
6.604194641113281250e-04
6.601810455322265625e-04
6.597042083740234375e-04
6.680488586425781250e-04
6.783008575439453125e-04
6.666183471679687500e-04
6.685256958007812500e-04
6.585121154785156250e-04
6.661415100097656250e-04
6.687641143798828125e-04
6.773471832275390625e-04
6.723403930664062500e-04
6.680488586425781250e-04
6.752014160156250000e-04
6.716251373291015625e-04
6.837844848632812500e-04
6.816387176513671875e-04
6.778240203857421875e-04
6.797313690185546875e-04
6.785392761230468750e-04
6.642341613769531250e-04
6.690025329589843750e-04
6.599426269531250000e-04
6.635189056396484375e-04
6.794929504394531250e-04
6.647109985351562500e-04
6.651878356933593750e-04
6.678104400634765625e-04
6.597042083740234375e-04
6.635189056396484375e-04
6.649494171142578125e-04
6.687641143798828125e-04
6.611347198486328125e-04
6.792545318603515625e-04
6.659030914306640625e-04
6.656646728515625000e-04
6.637573242187500000e-04
6.697177886962890625e-04
6.821155548095703125e-04
6.835460662841796875e-04
6.766319274902343750e-04
6.768703460693359375e-04
6.616115570068359375e-04
6.787776947021484375e-04
7.081031799316406250e-04
6.616115570068359375e-04
6.575584411621093750e-04
6.670951843261718750e-04
6.673336029052734375e-04
6.625652313232421875e-04
6.713867187500000000e-04
6.673336029052734375e-04
6.599426269531250000e-04
6.682872772216796875e-04
6.639957427978515625e-04
6.587505340576171875e-04
6.675720214843750000e-04
6.666183471679687500e-04
6.616115570068359375e-04
6.825923919677734375e-04
6.825923919677734375e-04
6.742477416992187500e-04
6.816387176513671875e-04
6.673336029052734375e-04
6.828308105468750000e-04
6.735324859619140625e-04
6.659030914306640625e-04
6.933212280273437500e-04
7.247924804687500000e-04
6.632804870605468750e-04
6.799697875976562500e-04
7.202625274658203125e-04
6.542205810546875000e-04
6.613731384277343750e-04
6.706714630126953125e-04
6.573200225830078125e-04
6.597042083740234375e-04
6.701946258544921875e-04
6.837844848632812500e-04
6.856918334960937500e-04
6.728172302246093750e-04
6.833076477050781250e-04
6.783008575439453125e-04
6.756782531738281250e-04
6.670951843261718750e-04
6.647109985351562500e-04
6.675720214843750000e-04
6.833076477050781250e-04
6.616115570068359375e-04
6.723403930664062500e-04
6.780624389648437500e-04
6.797313690185546875e-04
6.806850433349609375e-04
6.577968597412109375e-04
6.654262542724609375e-04
6.687641143798828125e-04
6.754398345947265625e-04
6.871223449707031250e-04
6.759166717529296875e-04
6.666183471679687500e-04
6.716251373291015625e-04
6.599426269531250000e-04
6.678104400634765625e-04
6.642341613769531250e-04
6.797313690185546875e-04
6.818771362304687500e-04
6.756782531738281250e-04
7.297992706298828125e-04
6.690025329589843750e-04
6.835460662841796875e-04
6.780624389648437500e-04
6.682872772216796875e-04
6.682872772216796875e-04
6.988048553466796875e-04
6.816387176513671875e-04
6.816387176513671875e-04
6.861686706542968750e-04
6.790161132812500000e-04
6.775856018066406250e-04
6.818771362304687500e-04
6.837844848632812500e-04
6.718635559082031250e-04
6.628036499023437500e-04
6.623268127441406250e-04
6.666183471679687500e-04
6.699562072753906250e-04
6.768703460693359375e-04
6.761550903320312500e-04
6.728172302246093750e-04
6.804466247558593750e-04
6.775856018066406250e-04
6.806850433349609375e-04
6.692409515380859375e-04
6.704330444335937500e-04
1.095771789550781250e-03
6.980895996093750000e-04
6.637573242187500000e-04
6.766319274902343750e-04
6.771087646484375000e-04
6.651878356933593750e-04
6.752014160156250000e-04
6.601810455322265625e-04
6.611347198486328125e-04
6.601810455322265625e-04
6.575584411621093750e-04
6.597042083740234375e-04
6.713867187500000000e-04
6.790161132812500000e-04
6.604194641113281250e-04
6.787776947021484375e-04
6.699562072753906250e-04
6.771087646484375000e-04
6.549358367919921875e-04
6.628036499023437500e-04
6.649494171142578125e-04
6.792545318603515625e-04
6.797313690185546875e-04
6.709098815917968750e-04
6.694793701171875000e-04
6.766319274902343750e-04
6.618499755859375000e-04
6.649494171142578125e-04
6.589889526367187500e-04
6.706714630126953125e-04
6.704330444335937500e-04
6.678104400634765625e-04
6.663799285888671875e-04
6.785392761230468750e-04
6.768703460693359375e-04
6.685256958007812500e-04
6.778240203857421875e-04
6.651878356933593750e-04
6.589889526367187500e-04
6.675720214843750000e-04
6.709098815917968750e-04
6.649494171142578125e-04
6.670951843261718750e-04
6.749629974365234375e-04
6.577968597412109375e-04
6.599426269531250000e-04
6.673336029052734375e-04
6.701946258544921875e-04
6.723403930664062500e-04
6.775856018066406250e-04
6.694793701171875000e-04
6.611347198486328125e-04
6.818771362304687500e-04
7.066726684570312500e-04
6.837844848632812500e-04
6.766319274902343750e-04
6.875991821289062500e-04
6.632804870605468750e-04
6.842613220214843750e-04
6.802082061767578125e-04
6.687641143798828125e-04
6.690025329589843750e-04
6.656646728515625000e-04
6.613731384277343750e-04
6.585121154785156250e-04
6.754398345947265625e-04
6.630420684814453125e-04
6.642341613769531250e-04
6.661415100097656250e-04
6.685256958007812500e-04
6.666183471679687500e-04
6.659030914306640625e-04
6.682872772216796875e-04
6.682872772216796875e-04
6.833076477050781250e-04
6.680488586425781250e-04
6.811618804931640625e-04
6.976127624511718750e-04
6.685256958007812500e-04
6.802082061767578125e-04
6.747245788574218750e-04
6.725788116455078125e-04
6.833076477050781250e-04
6.680488586425781250e-04
6.563663482666015625e-04
6.682872772216796875e-04
6.620883941650390625e-04
6.580352783203125000e-04
6.682872772216796875e-04
7.133483886718750000e-04
6.704330444335937500e-04
7.059574127197265625e-04
6.604194641113281250e-04
6.814002990722656250e-04
6.787776947021484375e-04
6.706714630126953125e-04
7.116794586181640625e-04
6.799697875976562500e-04
6.632804870605468750e-04
6.804466247558593750e-04
6.909370422363281250e-04
6.654262542724609375e-04
7.109642028808593750e-04
6.737709045410156250e-04
6.656646728515625000e-04
6.718635559082031250e-04
6.725788116455078125e-04
6.775856018066406250e-04
7.247924804687500000e-04
6.780624389648437500e-04
6.716251373291015625e-04
6.849765777587890625e-04
6.833076477050781250e-04
6.697177886962890625e-04
6.802082061767578125e-04
6.785392761230468750e-04
6.701946258544921875e-04
6.742477416992187500e-04
6.651878356933593750e-04
6.713867187500000000e-04
6.659030914306640625e-04
6.573200225830078125e-04
6.589889526367187500e-04
6.682872772216796875e-04
6.661415100097656250e-04
6.563663482666015625e-04
6.635189056396484375e-04
6.685256958007812500e-04
6.809234619140625000e-04
6.649494171142578125e-04
6.713867187500000000e-04
6.735324859619140625e-04
6.594657897949218750e-04
6.713867187500000000e-04
6.814002990722656250e-04
6.833076477050781250e-04
6.823539733886718750e-04
6.756782531738281250e-04
6.589889526367187500e-04
6.661415100097656250e-04
6.613731384277343750e-04
6.780624389648437500e-04
6.692409515380859375e-04
6.656646728515625000e-04
6.606578826904296875e-04
6.651878356933593750e-04
6.606578826904296875e-04
6.685256958007812500e-04
6.656646728515625000e-04
6.697177886962890625e-04
6.613731384277343750e-04
6.806850433349609375e-04
6.752014160156250000e-04
6.730556488037109375e-04
6.837844848632812500e-04
6.792545318603515625e-04
6.921291351318359375e-04
6.766319274902343750e-04
6.706714630126953125e-04
6.818771362304687500e-04
6.778240203857421875e-04
6.647109985351562500e-04
6.747245788574218750e-04
6.804466247558593750e-04
6.799697875976562500e-04
6.768703460693359375e-04
6.783008575439453125e-04
6.663799285888671875e-04
6.611347198486328125e-04
6.821155548095703125e-04
6.828308105468750000e-04
6.659030914306640625e-04
6.582736968994140625e-04
6.678104400634765625e-04
6.821155548095703125e-04
6.802082061767578125e-04
6.761550903320312500e-04
6.675720214843750000e-04
6.706714630126953125e-04
6.668567657470703125e-04
6.639957427978515625e-04
6.780624389648437500e-04
6.618499755859375000e-04
6.628036499023437500e-04
6.685256958007812500e-04
6.606578826904296875e-04
6.806850433349609375e-04
6.690025329589843750e-04
6.732940673828125000e-04
6.792545318603515625e-04
6.668567657470703125e-04
6.675720214843750000e-04
6.666183471679687500e-04
6.601810455322265625e-04
6.752014160156250000e-04
6.761550903320312500e-04
6.761550903320312500e-04
6.823539733886718750e-04
6.785392761230468750e-04
6.554126739501953125e-04
1.163959503173828125e-03
6.966590881347656250e-04
6.856918334960937500e-04
6.701946258544921875e-04
6.754398345947265625e-04
6.699562072753906250e-04
6.701946258544921875e-04
6.673336029052734375e-04
6.656646728515625000e-04
6.701946258544921875e-04
6.697177886962890625e-04
6.780624389648437500e-04
6.620883941650390625e-04
6.737709045410156250e-04
6.704330444335937500e-04
6.701946258544921875e-04
6.628036499023437500e-04
6.616115570068359375e-04
6.625652313232421875e-04
6.673336029052734375e-04
6.687641143798828125e-04
6.685256958007812500e-04
6.680488586425781250e-04
6.740093231201171875e-04
6.687641143798828125e-04
6.680488586425781250e-04
6.728172302246093750e-04
6.673336029052734375e-04
6.728172302246093750e-04
6.680488586425781250e-04
6.654262542724609375e-04
6.968975067138671875e-04
6.761550903320312500e-04
6.728172302246093750e-04
6.723403930664062500e-04
6.747245788574218750e-04
6.701946258544921875e-04
6.616115570068359375e-04
6.685256958007812500e-04
6.649494171142578125e-04
6.599426269531250000e-04
6.692409515380859375e-04
6.597042083740234375e-04
6.666183471679687500e-04
6.625652313232421875e-04
6.682872772216796875e-04
6.637573242187500000e-04
6.628036499023437500e-04
6.756782531738281250e-04
6.642341613769531250e-04
6.649494171142578125e-04
6.735324859619140625e-04
6.611347198486328125e-04
6.680488586425781250e-04
6.682872772216796875e-04
6.642341613769531250e-04
6.585121154785156250e-04
6.649494171142578125e-04
6.663799285888671875e-04
6.616115570068359375e-04
6.673336029052734375e-04
6.623268127441406250e-04
6.668567657470703125e-04
6.659030914306640625e-04
6.690025329589843750e-04
7.100105285644531250e-04
6.651878356933593750e-04
6.732940673828125000e-04
6.623268127441406250e-04
6.649494171142578125e-04
6.670951843261718750e-04
6.649494171142578125e-04
6.690025329589843750e-04
6.685256958007812500e-04
6.608963012695312500e-04
6.761550903320312500e-04
6.625652313232421875e-04
6.670951843261718750e-04
6.589889526367187500e-04
6.608963012695312500e-04
6.756782531738281250e-04
6.713867187500000000e-04
6.711483001708984375e-04
6.725788116455078125e-04
6.704330444335937500e-04
6.654262542724609375e-04
6.659030914306640625e-04
6.682872772216796875e-04
6.730556488037109375e-04
7.042884826660156250e-04
6.794929504394531250e-04
6.647109985351562500e-04
6.723403930664062500e-04
6.613731384277343750e-04
6.642341613769531250e-04
6.730556488037109375e-04
6.716251373291015625e-04
6.709098815917968750e-04
6.608963012695312500e-04
6.716251373291015625e-04
6.670951843261718750e-04
6.718635559082031250e-04
6.580352783203125000e-04
6.685256958007812500e-04
6.611347198486328125e-04
6.675720214843750000e-04
6.675720214843750000e-04
6.763935089111328125e-04
6.735324859619140625e-04
6.675720214843750000e-04
6.706714630126953125e-04
6.997585296630859375e-04
6.699562072753906250e-04
6.790161132812500000e-04
6.725788116455078125e-04
6.704330444335937500e-04
6.613731384277343750e-04
6.771087646484375000e-04
6.685256958007812500e-04
6.692409515380859375e-04
6.675720214843750000e-04
6.682872772216796875e-04
6.670951843261718750e-04
6.601810455322265625e-04
6.632804870605468750e-04
6.618499755859375000e-04
6.663799285888671875e-04
6.575584411621093750e-04
6.759166717529296875e-04
6.713867187500000000e-04
6.716251373291015625e-04
6.620883941650390625e-04
7.586479187011718750e-04
6.685256958007812500e-04
6.625652313232421875e-04
6.706714630126953125e-04
6.611347198486328125e-04
6.711483001708984375e-04
6.718635559082031250e-04
6.697177886962890625e-04
6.716251373291015625e-04
6.675720214843750000e-04
6.697177886962890625e-04
6.613731384277343750e-04
6.577968597412109375e-04
6.620883941650390625e-04
6.749629974365234375e-04
6.680488586425781250e-04
6.701946258544921875e-04
6.735324859619140625e-04
6.711483001708984375e-04
6.744861602783203125e-04
6.730556488037109375e-04
6.716251373291015625e-04
6.799697875976562500e-04
6.716251373291015625e-04
6.723403930664062500e-04
6.647109985351562500e-04
6.632804870605468750e-04
6.692409515380859375e-04
6.628036499023437500e-04
6.721019744873046875e-04
6.573200225830078125e-04
6.694793701171875000e-04
6.630420684814453125e-04
6.647109985351562500e-04
6.742477416992187500e-04
6.723403930664062500e-04
6.637573242187500000e-04
6.692409515380859375e-04
6.744861602783203125e-04
6.725788116455078125e-04
6.675720214843750000e-04
6.740093231201171875e-04
6.752014160156250000e-04
6.685256958007812500e-04
6.718635559082031250e-04
6.711483001708984375e-04
6.680488586425781250e-04
6.690025329589843750e-04
6.709098815917968750e-04
6.637573242187500000e-04
6.673336029052734375e-04
6.649494171142578125e-04
6.685256958007812500e-04
6.678104400634765625e-04
6.675720214843750000e-04
6.709098815917968750e-04
6.723403930664062500e-04
7.314682006835937500e-04
6.744861602783203125e-04
6.725788116455078125e-04
6.716251373291015625e-04
7.150173187255859375e-04
6.651878356933593750e-04
6.697177886962890625e-04
6.718635559082031250e-04
6.616115570068359375e-04
6.718635559082031250e-04
6.744861602783203125e-04
1.230001449584960938e-03
6.976127624511718750e-04
6.775856018066406250e-04
6.768703460693359375e-04
6.668567657470703125e-04
6.651878356933593750e-04
6.608963012695312500e-04
6.670951843261718750e-04
6.694793701171875000e-04
6.611347198486328125e-04
6.735324859619140625e-04
6.649494171142578125e-04
6.718635559082031250e-04
6.709098815917968750e-04
6.647109985351562500e-04
6.699562072753906250e-04
6.706714630126953125e-04
6.685256958007812500e-04
6.678104400634765625e-04
6.713867187500000000e-04
6.704330444335937500e-04
6.692409515380859375e-04
6.651878356933593750e-04
6.680488586425781250e-04
6.699562072753906250e-04
6.690025329589843750e-04
6.618499755859375000e-04
6.647109985351562500e-04
6.666183471679687500e-04
6.697177886962890625e-04
6.690025329589843750e-04
6.725788116455078125e-04
6.699562072753906250e-04
6.690025329589843750e-04
6.892681121826171875e-04
6.670951843261718750e-04
6.694793701171875000e-04
6.735324859619140625e-04
6.644725799560546875e-04
6.704330444335937500e-04
6.668567657470703125e-04
6.673336029052734375e-04
6.649494171142578125e-04
6.685256958007812500e-04
6.654262542724609375e-04
6.754398345947265625e-04
6.678104400634765625e-04
6.678104400634765625e-04
6.637573242187500000e-04
6.675720214843750000e-04
6.682872772216796875e-04
6.632804870605468750e-04
6.697177886962890625e-04
6.699562072753906250e-04
6.711483001708984375e-04
6.799697875976562500e-04
6.723403930664062500e-04
6.704330444335937500e-04
6.749629974365234375e-04
6.709098815917968750e-04
6.709098815917968750e-04
6.687641143798828125e-04
6.701946258544921875e-04
6.680488586425781250e-04
6.639957427978515625e-04
6.668567657470703125e-04
6.675720214843750000e-04
6.628036499023437500e-04
6.709098815917968750e-04
6.666183471679687500e-04
6.654262542724609375e-04
6.580352783203125000e-04
6.597042083740234375e-04
6.694793701171875000e-04
6.697177886962890625e-04
6.651878356933593750e-04
6.711483001708984375e-04
6.704330444335937500e-04
6.687641143798828125e-04
6.670951843261718750e-04
6.668567657470703125e-04
6.713867187500000000e-04
6.706714630126953125e-04
6.716251373291015625e-04
6.623268127441406250e-04
6.682872772216796875e-04
6.725788116455078125e-04
6.656646728515625000e-04
6.690025329589843750e-04
6.687641143798828125e-04
6.651878356933593750e-04
6.575584411621093750e-04
6.992816925048828125e-04
6.618499755859375000e-04
6.597042083740234375e-04
7.112026214599609375e-04
6.620883941650390625e-04
6.625652313232421875e-04
6.668567657470703125e-04
7.133483886718750000e-04
6.632804870605468750e-04
6.949901580810546875e-04
6.604194641113281250e-04
6.651878356933593750e-04
6.637573242187500000e-04
6.852149963378906250e-04
6.670951843261718750e-04
6.883144378662109375e-04
6.668567657470703125e-04
6.647109985351562500e-04
6.680488586425781250e-04
6.713867187500000000e-04
6.551742553710937500e-04
6.670951843261718750e-04
6.661415100097656250e-04
6.678104400634765625e-04
6.718635559082031250e-04
6.740093231201171875e-04
6.699562072753906250e-04
6.632804870605468750e-04
6.654262542724609375e-04
6.635189056396484375e-04
6.744861602783203125e-04
6.718635559082031250e-04
6.670951843261718750e-04
6.687641143798828125e-04
6.670951843261718750e-04
6.699562072753906250e-04
6.685256958007812500e-04
6.675720214843750000e-04
6.976127624511718750e-04
6.558895111083984375e-04
6.608963012695312500e-04
6.666183471679687500e-04
6.673336029052734375e-04
6.654262542724609375e-04
6.651878356933593750e-04
6.742477416992187500e-04
6.616115570068359375e-04
6.787776947021484375e-04
6.699562072753906250e-04
6.768703460693359375e-04
6.690025329589843750e-04
6.701946258544921875e-04
6.668567657470703125e-04
6.606578826904296875e-04
6.604194641113281250e-04
6.673336029052734375e-04
6.678104400634765625e-04
6.730556488037109375e-04
6.754398345947265625e-04
6.670951843261718750e-04
6.721019744873046875e-04
6.654262542724609375e-04
6.649494171142578125e-04
6.687641143798828125e-04
6.730556488037109375e-04
6.759166717529296875e-04
6.737709045410156250e-04
6.606578826904296875e-04
6.711483001708984375e-04
6.635189056396484375e-04
6.678104400634765625e-04
6.675720214843750000e-04
6.575584411621093750e-04
6.606578826904296875e-04
6.692409515380859375e-04
6.651878356933593750e-04
6.704330444335937500e-04
6.661415100097656250e-04
6.651878356933593750e-04
6.675720214843750000e-04
6.554126739501953125e-04
6.601810455322265625e-04
6.663799285888671875e-04
6.625652313232421875e-04
6.632804870605468750e-04
6.597042083740234375e-04
6.692409515380859375e-04
6.704330444335937500e-04
6.737709045410156250e-04
6.654262542724609375e-04
7.867813110351562500e-04
6.628036499023437500e-04
6.701946258544921875e-04
6.701946258544921875e-04
6.682872772216796875e-04
6.713867187500000000e-04
6.632804870605468750e-04
6.587505340576171875e-04
6.620883941650390625e-04
6.659030914306640625e-04
6.814002990722656250e-04
6.606578826904296875e-04
6.690025329589843750e-04
6.687641143798828125e-04
6.694793701171875000e-04
6.749629974365234375e-04
6.637573242187500000e-04
6.704330444335937500e-04
1.101970672607421875e-03
6.914138793945312500e-04
6.754398345947265625e-04
6.716251373291015625e-04
6.690025329589843750e-04
6.713867187500000000e-04
6.682872772216796875e-04
6.668567657470703125e-04
6.701946258544921875e-04
6.716251373291015625e-04
6.666183471679687500e-04
6.701946258544921875e-04
6.747245788574218750e-04
6.628036499023437500e-04
6.682872772216796875e-04
6.747245788574218750e-04
6.682872772216796875e-04
6.685256958007812500e-04
6.718635559082031250e-04
6.637573242187500000e-04
6.637573242187500000e-04
6.678104400634765625e-04
6.675720214843750000e-04
6.699562072753906250e-04
6.706714630126953125e-04
6.618499755859375000e-04
6.704330444335937500e-04
6.663799285888671875e-04
6.701946258544921875e-04
6.706714630126953125e-04
6.635189056396484375e-04
7.181167602539062500e-04
6.735324859619140625e-04
6.716251373291015625e-04
6.680488586425781250e-04
6.756782531738281250e-04
6.661415100097656250e-04
6.678104400634765625e-04
6.718635559082031250e-04
6.725788116455078125e-04
6.732940673828125000e-04
6.713867187500000000e-04
6.732940673828125000e-04
6.699562072753906250e-04
6.773471832275390625e-04
6.594657897949218750e-04
6.620883941650390625e-04
6.732940673828125000e-04
6.740093231201171875e-04
6.637573242187500000e-04
6.680488586425781250e-04
6.892681121826171875e-04
6.604194641113281250e-04
6.682872772216796875e-04
6.601810455322265625e-04
6.594657897949218750e-04
6.725788116455078125e-04
6.825923919677734375e-04
6.761550903320312500e-04
6.682872772216796875e-04
6.649494171142578125e-04
6.787776947021484375e-04
6.697177886962890625e-04
6.685256958007812500e-04
6.678104400634765625e-04
6.732940673828125000e-04
6.682872772216796875e-04
6.668567657470703125e-04
6.630420684814453125e-04
6.840229034423828125e-04
6.611347198486328125e-04
6.699562072753906250e-04
6.687641143798828125e-04
7.481575012207031250e-04
6.647109985351562500e-04
6.725788116455078125e-04
6.728172302246093750e-04
6.716251373291015625e-04
6.706714630126953125e-04
6.794929504394531250e-04
6.649494171142578125e-04
6.725788116455078125e-04
6.685256958007812500e-04
6.697177886962890625e-04
6.692409515380859375e-04
6.754398345947265625e-04
6.637573242187500000e-04
6.694793701171875000e-04
6.649494171142578125e-04
6.730556488037109375e-04
6.682872772216796875e-04
6.597042083740234375e-04
6.742477416992187500e-04
6.651878356933593750e-04
7.057189941406250000e-04
6.730556488037109375e-04
6.735324859619140625e-04
6.785392761230468750e-04
6.701946258544921875e-04
6.709098815917968750e-04
6.704330444335937500e-04
6.732940673828125000e-04
6.690025329589843750e-04
6.680488586425781250e-04
6.740093231201171875e-04
6.713867187500000000e-04
6.663799285888671875e-04
6.663799285888671875e-04
6.649494171142578125e-04
6.711483001708984375e-04
6.680488586425781250e-04
6.716251373291015625e-04
7.293224334716796875e-04
6.670951843261718750e-04
7.054805755615234375e-04
7.152557373046875000e-04
6.718635559082031250e-04
6.740093231201171875e-04
6.706714630126953125e-04
7.057189941406250000e-04
6.957054138183593750e-04
6.620883941650390625e-04
6.682872772216796875e-04
6.673336029052734375e-04
6.680488586425781250e-04
6.699562072753906250e-04
6.678104400634765625e-04
6.628036499023437500e-04
6.675720214843750000e-04
6.659030914306640625e-04
6.718635559082031250e-04
7.071495056152343750e-04
6.837844848632812500e-04
6.618499755859375000e-04
6.728172302246093750e-04
6.749629974365234375e-04
6.623268127441406250e-04
6.856918334960937500e-04
6.687641143798828125e-04
6.670951843261718750e-04
6.709098815917968750e-04
6.704330444335937500e-04
6.651878356933593750e-04
6.713867187500000000e-04
6.608963012695312500e-04
6.623268127441406250e-04
6.682872772216796875e-04
6.687641143798828125e-04
6.580352783203125000e-04
6.694793701171875000e-04
6.623268127441406250e-04
6.704330444335937500e-04
6.594657897949218750e-04
6.718635559082031250e-04
6.694793701171875000e-04
6.632804870605468750e-04
6.639957427978515625e-04
7.824897766113281250e-04
7.774829864501953125e-04
7.684230804443359375e-04
7.758140563964843750e-04
7.779598236083984375e-04
7.021427154541015625e-04
7.069110870361328125e-04
7.109642028808593750e-04
7.004737854003906250e-04
7.054805755615234375e-04
7.121562957763671875e-04
7.433891296386718750e-04
7.624626159667968750e-04
6.988048553466796875e-04
7.088184356689453125e-04
7.033348083496093750e-04
7.138252258300781250e-04
7.109642028808593750e-04
7.119178771972656250e-04
7.112026214599609375e-04
7.059574127197265625e-04
7.002353668212890625e-04
7.019042968750000000e-04
7.162094116210937500e-04
7.069110870361328125e-04
7.073879241943359375e-04
7.021427154541015625e-04
7.069110870361328125e-04
7.457733154296875000e-04
7.128715515136718750e-04
7.019042968750000000e-04
7.030963897705078125e-04
6.971359252929687500e-04
7.109642028808593750e-04
7.126331329345703125e-04
7.033348083496093750e-04
6.954669952392578125e-04
8.740425109863281250e-04
7.150173187255859375e-04
6.957054138183593750e-04
7.040500640869140625e-04
7.050037384033203125e-04
7.092952728271484375e-04
1.100540161132812500e-03
6.921291351318359375e-04
6.818771362304687500e-04
6.837844848632812500e-04
6.897449493408203125e-04
6.606578826904296875e-04
6.635189056396484375e-04
6.670951843261718750e-04
6.663799285888671875e-04
6.704330444335937500e-04
6.616115570068359375e-04
6.773471832275390625e-04
6.670951843261718750e-04
6.825923919677734375e-04
6.723403930664062500e-04
6.785392761230468750e-04
6.589889526367187500e-04
6.580352783203125000e-04
6.620883941650390625e-04
6.687641143798828125e-04
6.649494171142578125e-04
6.730556488037109375e-04
6.811618804931640625e-04
6.763935089111328125e-04
6.732940673828125000e-04
6.663799285888671875e-04
6.799697875976562500e-04
6.613731384277343750e-04
6.763935089111328125e-04
6.678104400634765625e-04
6.649494171142578125e-04
6.687641143798828125e-04
6.608963012695312500e-04
6.844997406005859375e-04
6.766319274902343750e-04
6.692409515380859375e-04
6.802082061767578125e-04
6.811618804931640625e-04
6.711483001708984375e-04
6.780624389648437500e-04
6.687641143798828125e-04
6.809234619140625000e-04
6.778240203857421875e-04
6.711483001708984375e-04
6.718635559082031250e-04
6.608963012695312500e-04
6.785392761230468750e-04
6.628036499023437500e-04
6.794929504394531250e-04
6.780624389648437500e-04
6.706714630126953125e-04
6.740093231201171875e-04
6.818771362304687500e-04
6.625652313232421875e-04
9.534358978271484375e-04
6.818771362304687500e-04
6.680488586425781250e-04
6.792545318603515625e-04
6.814002990722656250e-04
6.983280181884765625e-04
6.830692291259765625e-04
6.778240203857421875e-04
6.637573242187500000e-04
6.763935089111328125e-04
6.611347198486328125e-04
6.594657897949218750e-04
6.818771362304687500e-04
6.716251373291015625e-04
6.699562072753906250e-04
6.661415100097656250e-04
6.647109985351562500e-04
6.616115570068359375e-04
6.649494171142578125e-04
6.632804870605468750e-04
6.623268127441406250e-04
6.673336029052734375e-04
6.806850433349609375e-04
6.587505340576171875e-04
6.680488586425781250e-04
6.790161132812500000e-04
6.721019744873046875e-04
6.635189056396484375e-04
6.744861602783203125e-04
6.780624389648437500e-04
6.594657897949218750e-04
6.790161132812500000e-04
6.802082061767578125e-04
6.730556488037109375e-04
6.792545318603515625e-04
6.616115570068359375e-04
6.809234619140625000e-04
6.630420684814453125e-04
6.768703460693359375e-04
6.790161132812500000e-04
6.613731384277343750e-04
6.747245788574218750e-04
6.752014160156250000e-04
6.592273712158203125e-04
6.630420684814453125e-04
6.656646728515625000e-04
6.699562072753906250e-04
7.014274597167968750e-04
6.735324859619140625e-04
6.680488586425781250e-04
6.909370422363281250e-04
7.178783416748046875e-04
6.699562072753906250e-04
6.666183471679687500e-04
6.625652313232421875e-04
6.754398345947265625e-04
6.601810455322265625e-04
6.592273712158203125e-04
6.854534149169921875e-04
6.651878356933593750e-04
6.744861602783203125e-04
6.961822509765625000e-04
6.759166717529296875e-04
6.651878356933593750e-04
6.797313690185546875e-04
6.601810455322265625e-04
6.618499755859375000e-04
6.802082061767578125e-04
6.752014160156250000e-04
6.704330444335937500e-04
6.606578826904296875e-04
6.742477416992187500e-04
6.790161132812500000e-04
6.823539733886718750e-04
6.792545318603515625e-04
6.797313690185546875e-04
6.797313690185546875e-04
6.802082061767578125e-04
6.744861602783203125e-04
6.721019744873046875e-04
6.775856018066406250e-04
6.754398345947265625e-04
6.794929504394531250e-04
6.697177886962890625e-04
6.828308105468750000e-04
6.725788116455078125e-04
6.678104400634765625e-04
6.806850433349609375e-04
6.752014160156250000e-04
6.656646728515625000e-04
6.699562072753906250e-04
7.021427154541015625e-04
7.433891296386718750e-04
6.809234619140625000e-04
6.613731384277343750e-04
6.687641143798828125e-04
6.747245788574218750e-04
6.792545318603515625e-04
6.618499755859375000e-04
6.661415100097656250e-04
6.673336029052734375e-04
6.723403930664062500e-04
6.647109985351562500e-04
6.639957427978515625e-04
6.606578826904296875e-04
6.663799285888671875e-04
6.659030914306640625e-04
6.670951843261718750e-04
6.697177886962890625e-04
6.644725799560546875e-04
6.563663482666015625e-04
6.580352783203125000e-04
6.666183471679687500e-04
6.790161132812500000e-04
6.713867187500000000e-04
6.718635559082031250e-04
6.687641143798828125e-04
6.668567657470703125e-04
6.594657897949218750e-04
6.637573242187500000e-04
6.814002990722656250e-04
6.616115570068359375e-04
6.787776947021484375e-04
6.711483001708984375e-04
7.193088531494140625e-04
6.740093231201171875e-04
6.613731384277343750e-04
6.687641143798828125e-04
6.663799285888671875e-04
6.790161132812500000e-04
6.670951843261718750e-04
6.699562072753906250e-04
6.630420684814453125e-04
6.654262542724609375e-04
6.709098815917968750e-04
6.599426269531250000e-04
6.666183471679687500e-04
6.651878356933593750e-04
6.644725799560546875e-04
6.821155548095703125e-04
6.761550903320312500e-04
6.594657897949218750e-04
6.728172302246093750e-04
6.718635559082031250e-04
6.656646728515625000e-04
6.601810455322265625e-04
1.126050949096679688e-03
6.976127624511718750e-04
6.635189056396484375e-04
6.752014160156250000e-04
6.706714630126953125e-04
6.670951843261718750e-04
6.742477416992187500e-04
6.792545318603515625e-04
6.678104400634765625e-04
6.861686706542968750e-04
6.766319274902343750e-04
6.806850433349609375e-04
6.737709045410156250e-04
6.794929504394531250e-04
6.570816040039062500e-04
6.716251373291015625e-04
6.818771362304687500e-04
6.759166717529296875e-04
6.804466247558593750e-04
6.976127624511718750e-04
6.797313690185546875e-04
6.711483001708984375e-04
6.680488586425781250e-04
6.821155548095703125e-04
6.716251373291015625e-04
6.637573242187500000e-04
6.825923919677734375e-04
6.666183471679687500e-04
6.606578826904296875e-04
6.792545318603515625e-04
6.687641143798828125e-04
6.856918334960937500e-04
6.856918334960937500e-04
6.663799285888671875e-04
6.587505340576171875e-04
6.566047668457031250e-04
6.639957427978515625e-04
6.608963012695312500e-04
6.704330444335937500e-04
6.687641143798828125e-04
6.692409515380859375e-04
6.666183471679687500e-04
6.620883941650390625e-04
6.797313690185546875e-04
6.728172302246093750e-04
6.718635559082031250e-04
6.601810455322265625e-04
6.718635559082031250e-04
6.773471832275390625e-04
6.685256958007812500e-04
7.050037384033203125e-04
6.790161132812500000e-04
6.756782531738281250e-04
6.709098815917968750e-04
6.601810455322265625e-04
6.721019744873046875e-04
6.637573242187500000e-04
6.711483001708984375e-04
6.632804870605468750e-04
6.749629974365234375e-04
6.732940673828125000e-04
6.821155548095703125e-04
6.809234619140625000e-04
6.880760192871093750e-04
6.842613220214843750e-04
6.785392761230468750e-04
6.661415100097656250e-04
6.675720214843750000e-04
6.606578826904296875e-04
6.601810455322265625e-04
6.625652313232421875e-04
6.630420684814453125e-04
6.690025329589843750e-04
6.728172302246093750e-04
6.656646728515625000e-04
6.639957427978515625e-04
6.628036499023437500e-04
7.061958312988281250e-04
6.783008575439453125e-04
6.706714630126953125e-04
6.616115570068359375e-04
6.763935089111328125e-04
6.594657897949218750e-04
6.670951843261718750e-04
6.623268127441406250e-04
6.613731384277343750e-04
8.051395416259765625e-04
6.721019744873046875e-04
6.685256958007812500e-04
6.611347198486328125e-04
6.701946258544921875e-04
6.673336029052734375e-04
6.597042083740234375e-04
6.670951843261718750e-04
6.582736968994140625e-04
6.678104400634765625e-04
6.804466247558593750e-04
6.637573242187500000e-04
6.799697875976562500e-04
7.078647613525390625e-04
7.061958312988281250e-04
6.709098815917968750e-04
6.775856018066406250e-04
6.604194641113281250e-04
6.592273712158203125e-04
6.670951843261718750e-04
6.661415100097656250e-04
6.644725799560546875e-04
6.582736968994140625e-04
6.666183471679687500e-04
6.670951843261718750e-04
6.620883941650390625e-04
6.663799285888671875e-04
6.663799285888671875e-04
6.663799285888671875e-04
6.554126739501953125e-04
6.592273712158203125e-04
6.752014160156250000e-04
6.775856018066406250e-04
6.585121154785156250e-04
6.687641143798828125e-04
6.761550903320312500e-04
6.833076477050781250e-04
6.709098815917968750e-04
6.721019744873046875e-04
6.682872772216796875e-04
6.663799285888671875e-04
6.625652313232421875e-04
6.692409515380859375e-04
6.618499755859375000e-04
6.763935089111328125e-04
6.778240203857421875e-04
6.818771362304687500e-04
6.723403930664062500e-04
6.685256958007812500e-04
6.685256958007812500e-04
6.861686706542968750e-04
6.628036499023437500e-04
6.821155548095703125e-04
6.675720214843750000e-04
6.811618804931640625e-04
6.771087646484375000e-04
6.694793701171875000e-04
6.675720214843750000e-04
7.293224334716796875e-04
6.620883941650390625e-04
6.680488586425781250e-04
6.804466247558593750e-04
6.604194641113281250e-04
6.802082061767578125e-04
6.797313690185546875e-04
6.597042083740234375e-04
6.687641143798828125e-04
6.732940673828125000e-04
6.787776947021484375e-04
6.709098815917968750e-04
6.666183471679687500e-04
6.644725799560546875e-04
6.639957427978515625e-04
6.968975067138671875e-04
6.587505340576171875e-04
6.639957427978515625e-04
6.639957427978515625e-04
6.792545318603515625e-04
6.673336029052734375e-04
6.608963012695312500e-04
6.651878356933593750e-04
6.749629974365234375e-04
6.659030914306640625e-04
6.663799285888671875e-04
6.690025329589843750e-04
6.806850433349609375e-04
6.704330444335937500e-04
6.749629974365234375e-04
6.670951843261718750e-04
6.666183471679687500e-04
6.635189056396484375e-04
7.140636444091796875e-04
6.599426269531250000e-04
6.659030914306640625e-04
6.651878356933593750e-04
6.687641143798828125e-04
6.680488586425781250e-04
6.711483001708984375e-04
6.837844848632812500e-04
6.780624389648437500e-04
6.973743438720703125e-04
6.682872772216796875e-04
7.066726684570312500e-04
6.752014160156250000e-04
7.042884826660156250e-04
6.685256958007812500e-04
6.723403930664062500e-04
6.668567657470703125e-04
6.699562072753906250e-04
6.794929504394531250e-04
6.723403930664062500e-04
6.704330444335937500e-04
6.585121154785156250e-04
6.656646728515625000e-04
1.155138015747070312e-03
6.849765777587890625e-04
6.752014160156250000e-04
6.783008575439453125e-04
6.895065307617187500e-04
6.682872772216796875e-04
6.732940673828125000e-04
6.597042083740234375e-04
6.771087646484375000e-04
6.728172302246093750e-04
6.732940673828125000e-04
6.690025329589843750e-04
6.680488586425781250e-04
6.666183471679687500e-04
6.642341613769531250e-04
6.711483001708984375e-04
6.642341613769531250e-04
6.935596466064453125e-04
6.597042083740234375e-04
6.654262542724609375e-04
6.611347198486328125e-04
6.682872772216796875e-04
6.601810455322265625e-04
6.666183471679687500e-04
6.678104400634765625e-04
6.685256958007812500e-04
6.666183471679687500e-04
6.644725799560546875e-04
6.709098815917968750e-04
6.725788116455078125e-04
6.673336029052734375e-04
6.716251373291015625e-04
6.625652313232421875e-04
6.601810455322265625e-04
6.656646728515625000e-04
6.630420684814453125e-04
6.673336029052734375e-04
6.682872772216796875e-04
6.582736968994140625e-04
6.651878356933593750e-04
6.637573242187500000e-04
6.625652313232421875e-04
6.673336029052734375e-04
6.675720214843750000e-04
6.585121154785156250e-04
6.687641143798828125e-04
6.756782531738281250e-04
6.661415100097656250e-04
6.680488586425781250e-04
6.623268127441406250e-04
6.616115570068359375e-04
6.740093231201171875e-04
6.654262542724609375e-04
6.647109985351562500e-04
7.030963897705078125e-04
6.620883941650390625e-04
6.635189056396484375e-04
6.568431854248046875e-04
6.644725799560546875e-04
6.606578826904296875e-04
6.666183471679687500e-04
6.599426269531250000e-04
6.692409515380859375e-04
6.561279296875000000e-04
6.597042083740234375e-04
6.690025329589843750e-04
6.649494171142578125e-04
6.690025329589843750e-04
6.725788116455078125e-04
6.682872772216796875e-04
6.718635559082031250e-04
6.701946258544921875e-04
6.625652313232421875e-04
6.647109985351562500e-04
6.690025329589843750e-04
6.661415100097656250e-04
6.742477416992187500e-04
6.628036499023437500e-04
6.668567657470703125e-04
6.592273712158203125e-04
6.647109985351562500e-04
6.654262542724609375e-04
6.728172302246093750e-04
7.054805755615234375e-04
6.666183471679687500e-04
6.592273712158203125e-04
7.159709930419921875e-04
6.628036499023437500e-04
6.701946258544921875e-04
6.687641143798828125e-04
6.711483001708984375e-04
6.656646728515625000e-04
6.690025329589843750e-04
6.630420684814453125e-04
6.630420684814453125e-04
6.682872772216796875e-04
6.673336029052734375e-04
6.694793701171875000e-04
6.680488586425781250e-04
6.682872772216796875e-04
6.678104400634765625e-04
6.663799285888671875e-04
6.675720214843750000e-04
6.635189056396484375e-04
6.690025329589843750e-04
6.604194641113281250e-04
6.639957427978515625e-04
6.713867187500000000e-04
6.647109985351562500e-04
6.599426269531250000e-04
6.699562072753906250e-04
6.728172302246093750e-04
6.599426269531250000e-04
6.656646728515625000e-04
6.685256958007812500e-04
6.735324859619140625e-04
6.740093231201171875e-04
6.630420684814453125e-04
6.630420684814453125e-04
6.706714630126953125e-04
6.663799285888671875e-04
6.649494171142578125e-04
6.618499755859375000e-04
6.687641143798828125e-04
6.699562072753906250e-04
6.699562072753906250e-04
6.647109985351562500e-04
7.603168487548828125e-04
7.112026214599609375e-04
6.594657897949218750e-04
6.663799285888671875e-04
6.678104400634765625e-04
6.625652313232421875e-04
6.651878356933593750e-04
6.620883941650390625e-04
6.651878356933593750e-04
6.592273712158203125e-04
6.680488586425781250e-04
6.642341613769531250e-04
6.699562072753906250e-04
6.809234619140625000e-04
6.668567657470703125e-04
6.637573242187500000e-04
6.682872772216796875e-04
6.613731384277343750e-04
6.644725799560546875e-04
6.709098815917968750e-04
6.680488586425781250e-04
6.613731384277343750e-04
6.661415100097656250e-04
6.594657897949218750e-04
6.642341613769531250e-04
6.568431854248046875e-04
6.604194641113281250e-04
6.706714630126953125e-04
6.709098815917968750e-04
6.680488586425781250e-04
6.680488586425781250e-04
6.728172302246093750e-04
6.706714630126953125e-04
6.651878356933593750e-04
7.624626159667968750e-04
6.711483001708984375e-04
6.690025329589843750e-04
6.721019744873046875e-04
6.749629974365234375e-04
6.742477416992187500e-04
6.730556488037109375e-04
6.682872772216796875e-04
6.606578826904296875e-04
6.680488586425781250e-04
6.670951843261718750e-04
6.685256958007812500e-04
6.675720214843750000e-04
6.697177886962890625e-04
6.713867187500000000e-04
6.699562072753906250e-04
6.711483001708984375e-04
6.661415100097656250e-04
6.701946258544921875e-04
6.701946258544921875e-04
6.647109985351562500e-04
6.623268127441406250e-04
6.663799285888671875e-04
6.740093231201171875e-04
6.718635559082031250e-04
6.735324859619140625e-04
6.709098815917968750e-04
6.644725799560546875e-04
6.711483001708984375e-04
6.656646728515625000e-04
6.670951843261718750e-04
6.687641143798828125e-04
6.701946258544921875e-04
6.854534149169921875e-04
6.620883941650390625e-04
6.752014160156250000e-04
6.637573242187500000e-04
6.654262542724609375e-04
6.687641143798828125e-04
1.098632812500000000e-03
6.880760192871093750e-04
6.668567657470703125e-04
6.732940673828125000e-04
6.721019744873046875e-04
6.678104400634765625e-04
6.723403930664062500e-04
6.670951843261718750e-04
6.666183471679687500e-04
6.687641143798828125e-04
6.597042083740234375e-04
6.656646728515625000e-04
6.637573242187500000e-04
6.680488586425781250e-04
6.582736968994140625e-04
6.666183471679687500e-04
6.690025329589843750e-04
6.668567657470703125e-04
6.699562072753906250e-04
6.649494171142578125e-04
6.706714630126953125e-04
6.735324859619140625e-04
6.792545318603515625e-04
7.071495056152343750e-04
6.704330444335937500e-04
6.904602050781250000e-04
6.699562072753906250e-04
6.682872772216796875e-04
6.723403930664062500e-04
6.675720214843750000e-04
6.778240203857421875e-04
6.723403930664062500e-04
6.687641143798828125e-04
6.651878356933593750e-04
6.575584411621093750e-04
6.573200225830078125e-04
6.656646728515625000e-04
6.656646728515625000e-04
6.601810455322265625e-04
6.623268127441406250e-04
6.656646728515625000e-04
6.682872772216796875e-04
6.692409515380859375e-04
6.649494171142578125e-04
6.670951843261718750e-04
7.076263427734375000e-04
6.706714630126953125e-04
6.675720214843750000e-04
6.668567657470703125e-04
6.663799285888671875e-04
6.825923919677734375e-04
6.556510925292968750e-04
6.573200225830078125e-04
6.709098815917968750e-04
6.628036499023437500e-04
6.680488586425781250e-04
6.685256958007812500e-04
6.680488586425781250e-04
6.716251373291015625e-04
6.678104400634765625e-04
6.675720214843750000e-04
6.680488586425781250e-04
6.597042083740234375e-04
6.656646728515625000e-04
6.821155548095703125e-04
6.644725799560546875e-04
6.682872772216796875e-04
6.585121154785156250e-04
6.561279296875000000e-04
6.604194641113281250e-04
6.663799285888671875e-04
6.661415100097656250e-04
6.606578826904296875e-04
6.663799285888671875e-04
6.632804870605468750e-04
6.611347198486328125e-04
6.673336029052734375e-04
6.630420684814453125e-04
6.620883941650390625e-04
6.704330444335937500e-04
6.620883941650390625e-04
8.039474487304687500e-04
6.644725799560546875e-04
6.699562072753906250e-04
6.663799285888671875e-04
6.799697875976562500e-04
6.697177886962890625e-04
6.680488586425781250e-04
6.692409515380859375e-04
6.573200225830078125e-04
6.670951843261718750e-04
6.632804870605468750e-04
6.656646728515625000e-04
6.580352783203125000e-04
6.844997406005859375e-04
6.661415100097656250e-04
6.623268127441406250e-04
6.680488586425781250e-04
6.661415100097656250e-04
6.637573242187500000e-04
6.616115570068359375e-04
6.620883941650390625e-04
6.699562072753906250e-04
6.754398345947265625e-04
6.630420684814453125e-04
6.618499755859375000e-04
6.721019744873046875e-04
6.721019744873046875e-04
6.697177886962890625e-04
6.694793701171875000e-04
6.625652313232421875e-04
6.649494171142578125e-04
6.718635559082031250e-04
6.654262542724609375e-04
6.699562072753906250e-04
6.682872772216796875e-04
6.613731384277343750e-04
6.668567657470703125e-04
6.573200225830078125e-04
6.737709045410156250e-04
6.704330444335937500e-04
6.718635559082031250e-04
6.654262542724609375e-04
6.737709045410156250e-04
6.747245788574218750e-04
6.692409515380859375e-04
6.744861602783203125e-04
6.735324859619140625e-04
6.892681121826171875e-04
6.699562072753906250e-04
6.735324859619140625e-04
6.737709045410156250e-04
6.728172302246093750e-04
6.721019744873046875e-04
6.711483001708984375e-04
6.644725799560546875e-04
6.611347198486328125e-04
6.642341613769531250e-04
6.649494171142578125e-04
6.673336029052734375e-04
6.718635559082031250e-04
6.701946258544921875e-04
6.716251373291015625e-04
6.709098815917968750e-04
6.713867187500000000e-04
6.644725799560546875e-04
6.711483001708984375e-04
6.730556488037109375e-04
6.706714630126953125e-04
6.680488586425781250e-04
6.759166717529296875e-04
6.639957427978515625e-04
6.585121154785156250e-04
6.711483001708984375e-04
6.709098815917968750e-04
6.706714630126953125e-04
6.709098815917968750e-04
6.599426269531250000e-04
6.692409515380859375e-04
6.740093231201171875e-04
6.740093231201171875e-04
6.711483001708984375e-04
6.735324859619140625e-04
6.668567657470703125e-04
6.687641143798828125e-04
6.654262542724609375e-04
6.661415100097656250e-04
6.675720214843750000e-04
6.787776947021484375e-04
6.680488586425781250e-04
6.678104400634765625e-04
6.599426269531250000e-04
6.690025329589843750e-04
6.613731384277343750e-04
6.663799285888671875e-04
6.647109985351562500e-04
6.809234619140625000e-04
6.713867187500000000e-04
6.659030914306640625e-04
6.711483001708984375e-04
6.754398345947265625e-04
6.735324859619140625e-04
6.721019744873046875e-04
6.680488586425781250e-04
6.647109985351562500e-04
7.116794586181640625e-04
6.678104400634765625e-04
6.666183471679687500e-04
6.637573242187500000e-04
6.618499755859375000e-04
6.647109985351562500e-04
6.666183471679687500e-04
6.663799285888671875e-04
6.616115570068359375e-04
6.632804870605468750e-04
6.690025329589843750e-04
7.162094116210937500e-04
6.716251373291015625e-04
6.656646728515625000e-04
7.061958312988281250e-04
