2.868175506591796875e-04
1.597404479980468750e-04
1.466274261474609375e-04
1.540184020996093750e-04
1.511573791503906250e-04
1.459121704101562500e-04
1.475811004638671875e-04
1.485347747802734375e-04
1.463890075683593750e-04
1.459121704101562500e-04
1.533031463623046875e-04
1.454353332519531250e-04
1.461505889892578125e-04
1.428127288818359375e-04
1.535415649414062500e-04
1.461505889892578125e-04
1.461505889892578125e-04
1.494884490966796875e-04
1.451969146728515625e-04
1.621246337890625000e-04
1.487731933593750000e-04
1.425743103027343750e-04
1.528263092041015625e-04
1.542568206787109375e-04
1.471042633056640625e-04
1.559257507324218750e-04
1.461505889892578125e-04
1.459121704101562500e-04
1.528263092041015625e-04
1.454353332519531250e-04
1.530647277832031250e-04
1.456737518310546875e-04
3.051757812500000000e-04
1.888275146484375000e-04
1.475811004638671875e-04
1.430511474609375000e-04
1.456737518310546875e-04
1.442432403564453125e-04
1.418590545654296875e-04
1.454353332519531250e-04
1.413822174072265625e-04
1.451969146728515625e-04
1.449584960937500000e-04
1.454353332519531250e-04
1.447200775146484375e-04
1.459121704101562500e-04
1.451969146728515625e-04
1.454353332519531250e-04
1.461505889892578125e-04
1.475811004638671875e-04
1.449584960937500000e-04
1.473426818847656250e-04
1.513957977294921875e-04
1.451969146728515625e-04
1.456737518310546875e-04
1.461505889892578125e-04
1.451969146728515625e-04
1.449584960937500000e-04
1.406669616699218750e-04
1.451969146728515625e-04
1.449584960937500000e-04
1.451969146728515625e-04
1.447200775146484375e-04
1.449584960937500000e-04
3.106594085693359375e-04
1.933574676513671875e-04
1.554489135742187500e-04
1.444816589355468750e-04
1.494884490966796875e-04
1.475811004638671875e-04
1.473426818847656250e-04
1.556873321533203125e-04
1.447200775146484375e-04
1.468658447265625000e-04
1.466274261474609375e-04
1.428127288818359375e-04
1.511573791503906250e-04
1.437664031982421875e-04
1.602172851562500000e-04
1.461505889892578125e-04
1.466274261474609375e-04
1.459121704101562500e-04
1.468658447265625000e-04
1.468658447265625000e-04
1.468658447265625000e-04
1.513957977294921875e-04
1.456737518310546875e-04
1.456737518310546875e-04
1.466274261474609375e-04
1.468658447265625000e-04
1.420974731445312500e-04
1.420974731445312500e-04
1.513957977294921875e-04
1.516342163085937500e-04
1.518726348876953125e-04
1.463890075683593750e-04
3.044605255126953125e-04
1.664161682128906250e-04
1.561641693115234375e-04
1.609325408935546875e-04
1.547336578369140625e-04
1.416206359863281250e-04
1.611709594726562500e-04
1.556873321533203125e-04
1.556873321533203125e-04
1.533031463623046875e-04
1.535415649414062500e-04
1.547336578369140625e-04
1.535415649414062500e-04
1.468658447265625000e-04
1.478195190429687500e-04
1.537799835205078125e-04
1.537799835205078125e-04
1.542568206787109375e-04
1.406669616699218750e-04
1.530647277832031250e-04
1.626014709472656250e-04
1.535415649414062500e-04
1.540184020996093750e-04
1.540184020996093750e-04
1.592636108398437500e-04
1.416206359863281250e-04
1.544952392578125000e-04
1.418590545654296875e-04
1.535415649414062500e-04
1.420974731445312500e-04
1.537799835205078125e-04
1.533031463623046875e-04
2.927780151367187500e-04
1.704692840576171875e-04
1.633167266845703125e-04
1.554489135742187500e-04
1.428127288818359375e-04
1.537799835205078125e-04
1.542568206787109375e-04
1.537799835205078125e-04
1.537799835205078125e-04
1.540184020996093750e-04
1.544952392578125000e-04
1.554489135742187500e-04
1.420974731445312500e-04
1.597404479980468750e-04
1.416206359863281250e-04
1.537799835205078125e-04
1.554489135742187500e-04
1.480579376220703125e-04
1.549720764160156250e-04
1.537799835205078125e-04
1.537799835205078125e-04
1.540184020996093750e-04
1.544952392578125000e-04
1.537799835205078125e-04
1.544952392578125000e-04
1.418590545654296875e-04
1.413822174072265625e-04
1.804828643798828125e-04
1.547336578369140625e-04
1.542568206787109375e-04
1.537799835205078125e-04
1.544952392578125000e-04
3.089904785156250000e-04
1.761913299560546875e-04
1.490116119384765625e-04
1.761913299560546875e-04
1.559257507324218750e-04
1.435279846191406250e-04
1.423358917236328125e-04
1.420974731445312500e-04
1.456737518310546875e-04
1.490116119384765625e-04
1.449584960937500000e-04
1.459121704101562500e-04
1.456737518310546875e-04
2.138614654541015625e-04
1.494884490966796875e-04
1.525878906250000000e-04
1.528263092041015625e-04
1.535415649414062500e-04
1.492500305175781250e-04
1.544952392578125000e-04
1.537799835205078125e-04
1.528263092041015625e-04
1.537799835205078125e-04
1.454353332519531250e-04
1.420974731445312500e-04
1.461505889892578125e-04
1.456737518310546875e-04
1.556873321533203125e-04
1.449584960937500000e-04
1.513957977294921875e-04
1.442432403564453125e-04
1.423358917236328125e-04
2.944469451904296875e-04
1.864433288574218750e-04
1.478195190429687500e-04
1.456737518310546875e-04
1.447200775146484375e-04
1.447200775146484375e-04
1.456737518310546875e-04
1.451969146728515625e-04
1.440048217773437500e-04
1.440048217773437500e-04
1.435279846191406250e-04
1.442432403564453125e-04
1.447200775146484375e-04
1.475811004638671875e-04
1.409053802490234375e-04
1.444816589355468750e-04
1.494884490966796875e-04
1.444816589355468750e-04
1.449584960937500000e-04
1.447200775146484375e-04
1.437664031982421875e-04
1.447200775146484375e-04
1.423358917236328125e-04
1.454353332519531250e-04
1.451969146728515625e-04
1.461505889892578125e-04
1.442432403564453125e-04
1.451969146728515625e-04
1.447200775146484375e-04
1.409053802490234375e-04
1.463890075683593750e-04
1.418590545654296875e-04
3.049373626708984375e-04
1.752376556396484375e-04
1.463890075683593750e-04
1.456737518310546875e-04
1.411437988281250000e-04
1.442432403564453125e-04
1.435279846191406250e-04
1.437664031982421875e-04
1.451969146728515625e-04
1.442432403564453125e-04
1.437664031982421875e-04
1.442432403564453125e-04
1.494884490966796875e-04
1.442432403564453125e-04
1.516342163085937500e-04
1.506805419921875000e-04
1.461505889892578125e-04
1.442432403564453125e-04
1.468658447265625000e-04
1.447200775146484375e-04
1.504421234130859375e-04
1.416206359863281250e-04
1.447200775146484375e-04
1.406669616699218750e-04
1.442432403564453125e-04
1.437664031982421875e-04
1.447200775146484375e-04
1.459121704101562500e-04
1.442432403564453125e-04
1.451969146728515625e-04
1.461505889892578125e-04
1.447200775146484375e-04
3.030300140380859375e-04
1.645088195800781250e-04
1.466274261474609375e-04
1.540184020996093750e-04
1.416206359863281250e-04
1.456737518310546875e-04
1.451969146728515625e-04
1.451969146728515625e-04
1.454353332519531250e-04
1.444816589355468750e-04
1.449584960937500000e-04
1.528263092041015625e-04
1.525878906250000000e-04
1.440048217773437500e-04
1.449584960937500000e-04
1.471042633056640625e-04
1.456737518310546875e-04
1.449584960937500000e-04
1.449584960937500000e-04
1.451969146728515625e-04
1.444816589355468750e-04
1.447200775146484375e-04
1.454353332519531250e-04
1.456737518310546875e-04
1.456737518310546875e-04
1.451969146728515625e-04
1.516342163085937500e-04
1.449584960937500000e-04
1.444816589355468750e-04
1.409053802490234375e-04
1.423358917236328125e-04
1.511573791503906250e-04
2.920627593994140625e-04
1.769065856933593750e-04
1.478195190429687500e-04
1.468658447265625000e-04
1.459121704101562500e-04
1.442432403564453125e-04
1.459121704101562500e-04
1.459121704101562500e-04
1.444816589355468750e-04
1.444816589355468750e-04
1.480579376220703125e-04
1.447200775146484375e-04
1.513957977294921875e-04
1.497268676757812500e-04
1.444816589355468750e-04
1.447200775146484375e-04
1.411437988281250000e-04
1.451969146728515625e-04
1.444816589355468750e-04
1.409053802490234375e-04
1.442432403564453125e-04
1.447200775146484375e-04
1.406669616699218750e-04
1.442432403564453125e-04
1.468658447265625000e-04
1.451969146728515625e-04
1.506805419921875000e-04
1.444816589355468750e-04
1.449584960937500000e-04
1.449584960937500000e-04
1.502037048339843750e-04
1.449584960937500000e-04
