3.025531768798828125e-04
1.714229583740234375e-04
1.487731933593750000e-04
1.468658447265625000e-04
1.459121704101562500e-04
1.451969146728515625e-04
1.454353332519531250e-04
1.447200775146484375e-04
1.459121704101562500e-04
1.461505889892578125e-04
1.447200775146484375e-04
1.449584960937500000e-04
1.459121704101562500e-04
1.456737518310546875e-04
2.973079681396484375e-04
1.454353332519531250e-04
1.456737518310546875e-04
1.451969146728515625e-04
1.451969146728515625e-04
1.454353332519531250e-04
1.459121704101562500e-04
2.517700195312500000e-04
1.573562622070312500e-04
1.456737518310546875e-04
1.499652862548828125e-04
1.440048217773437500e-04
1.444816589355468750e-04
1.442432403564453125e-04
1.442432403564453125e-04
1.482963562011718750e-04
1.437664031982421875e-04
1.504421234130859375e-04
3.032684326171875000e-04
1.704692840576171875e-04
1.475811004638671875e-04
1.454353332519531250e-04
1.451969146728515625e-04
1.454353332519531250e-04
1.444816589355468750e-04
1.957416534423828125e-04
1.456737518310546875e-04
1.440048217773437500e-04
1.437664031982421875e-04
1.444816589355468750e-04
1.444816589355468750e-04
1.447200775146484375e-04
1.497268676757812500e-04
1.454353332519531250e-04
1.463890075683593750e-04
1.442432403564453125e-04
1.442432403564453125e-04
1.449584960937500000e-04
1.451969146728515625e-04
1.447200775146484375e-04
1.456737518310546875e-04
1.459121704101562500e-04
1.513957977294921875e-04
1.444816589355468750e-04
1.444816589355468750e-04
1.449584960937500000e-04
1.444816589355468750e-04
1.444816589355468750e-04
1.471042633056640625e-04
1.451969146728515625e-04
3.097057342529296875e-04
1.711845397949218750e-04
1.478195190429687500e-04
1.451969146728515625e-04
1.447200775146484375e-04
1.447200775146484375e-04
1.809597015380859375e-04
1.697540283203125000e-04
1.673698425292968750e-04
1.683235168457031250e-04
1.678466796875000000e-04
1.502037048339843750e-04
1.471042633056640625e-04
1.466274261474609375e-04
1.621246337890625000e-04
1.549720764160156250e-04
1.525878906250000000e-04
1.633167266845703125e-04
1.537799835205078125e-04
1.463890075683593750e-04
1.466274261474609375e-04
1.459121704101562500e-04
1.463890075683593750e-04
1.461505889892578125e-04
1.466274261474609375e-04
1.468658447265625000e-04
1.463890075683593750e-04
1.461505889892578125e-04
1.475811004638671875e-04
1.468658447265625000e-04
1.463890075683593750e-04
1.461505889892578125e-04
4.129409790039062500e-04
1.668930053710937500e-04
1.602172851562500000e-04
1.561641693115234375e-04
1.566410064697265625e-04
1.573562622070312500e-04
1.566410064697265625e-04
1.561641693115234375e-04
1.559257507324218750e-04
1.766681671142578125e-04
1.587867736816406250e-04
1.513957977294921875e-04
1.521110534667968750e-04
1.504421234130859375e-04
1.511573791503906250e-04
1.492500305175781250e-04
1.502037048339843750e-04
1.497268676757812500e-04
1.502037048339843750e-04
1.494884490966796875e-04
1.504421234130859375e-04
1.494884490966796875e-04
1.509189605712890625e-04
1.509189605712890625e-04
1.499652862548828125e-04
1.504421234130859375e-04
1.504421234130859375e-04
1.494884490966796875e-04
1.497268676757812500e-04
1.502037048339843750e-04
1.490116119384765625e-04
1.492500305175781250e-04
3.633499145507812500e-04
1.709461212158203125e-04
1.521110534667968750e-04
1.492500305175781250e-04
1.485347747802734375e-04
1.485347747802734375e-04
1.554489135742187500e-04
1.471042633056640625e-04
1.485347747802734375e-04
1.480579376220703125e-04
1.473426818847656250e-04
1.480579376220703125e-04
1.473426818847656250e-04
1.502037048339843750e-04
1.487731933593750000e-04
1.482963562011718750e-04
1.487731933593750000e-04
1.490116119384765625e-04
1.480579376220703125e-04
1.704692840576171875e-04
1.475811004638671875e-04
1.473426818847656250e-04
1.482963562011718750e-04
1.540184020996093750e-04
1.480579376220703125e-04
1.480579376220703125e-04
1.471042633056640625e-04
1.482963562011718750e-04
1.485347747802734375e-04
1.478195190429687500e-04
1.485347747802734375e-04
1.485347747802734375e-04
3.077983856201171875e-04
1.766681671142578125e-04
1.528263092041015625e-04
1.509189605712890625e-04
1.499652862548828125e-04
1.630783081054687500e-04
1.482963562011718750e-04
1.540184020996093750e-04
1.482963562011718750e-04
1.485347747802734375e-04
1.554489135742187500e-04
1.485347747802734375e-04
1.504421234130859375e-04
1.490116119384765625e-04
1.502037048339843750e-04
1.499652862548828125e-04
1.482963562011718750e-04
1.485347747802734375e-04
1.571178436279296875e-04
1.494884490966796875e-04
1.497268676757812500e-04
1.475811004638671875e-04
1.497268676757812500e-04
1.482963562011718750e-04
1.487731933593750000e-04
1.492500305175781250e-04
1.497268676757812500e-04
1.497268676757812500e-04
1.540184020996093750e-04
1.490116119384765625e-04
1.509189605712890625e-04
1.494884490966796875e-04
3.514289855957031250e-04
1.752376556396484375e-04
1.664161682128906250e-04
1.542568206787109375e-04
1.583099365234375000e-04
1.511573791503906250e-04
1.566410064697265625e-04
1.525878906250000000e-04
1.506805419921875000e-04
1.509189605712890625e-04
1.583099365234375000e-04
1.561641693115234375e-04
1.516342163085937500e-04
1.561641693115234375e-04
1.506805419921875000e-04
1.640319824218750000e-04
1.561641693115234375e-04
1.502037048339843750e-04
1.511573791503906250e-04
1.494884490966796875e-04
1.497268676757812500e-04
1.499652862548828125e-04
1.521110534667968750e-04
1.509189605712890625e-04
1.511573791503906250e-04
1.511573791503906250e-04
1.530647277832031250e-04
1.533031463623046875e-04
1.575946807861328125e-04
1.528263092041015625e-04
1.525878906250000000e-04
1.521110534667968750e-04
3.042221069335937500e-04
1.704692840576171875e-04
1.530647277832031250e-04
1.499652862548828125e-04
1.497268676757812500e-04
1.490116119384765625e-04
1.490116119384765625e-04
1.637935638427734375e-04
1.485347747802734375e-04
1.480579376220703125e-04
1.482963562011718750e-04
1.497268676757812500e-04
1.542568206787109375e-04
1.478195190429687500e-04
1.537799835205078125e-04
1.485347747802734375e-04
1.487731933593750000e-04
1.497268676757812500e-04
1.492500305175781250e-04
1.480579376220703125e-04
1.504421234130859375e-04
1.499652862548828125e-04
1.494884490966796875e-04
1.497268676757812500e-04
1.485347747802734375e-04
1.502037048339843750e-04
1.494884490966796875e-04
1.485347747802734375e-04
1.523494720458984375e-04
1.485347747802734375e-04
1.490116119384765625e-04
1.544952392578125000e-04
3.223419189453125000e-04
1.721382141113281250e-04
1.533031463623046875e-04
1.485347747802734375e-04
1.554489135742187500e-04
1.478195190429687500e-04
1.499652862548828125e-04
1.478195190429687500e-04
1.478195190429687500e-04
1.485347747802734375e-04
1.549720764160156250e-04
1.485347747802734375e-04
1.478195190429687500e-04
1.480579376220703125e-04
1.468658447265625000e-04
1.530647277832031250e-04
1.487731933593750000e-04
1.540184020996093750e-04
1.480579376220703125e-04
1.487731933593750000e-04
1.480579376220703125e-04
1.497268676757812500e-04
1.471042633056640625e-04
1.473426818847656250e-04
1.482963562011718750e-04
1.473426818847656250e-04
1.480579376220703125e-04
1.540184020996093750e-04
1.466274261474609375e-04
1.487731933593750000e-04
1.485347747802734375e-04
1.478195190429687500e-04
3.085136413574218750e-04
1.759529113769531250e-04
1.606941223144531250e-04
1.583099365234375000e-04
1.585483551025390625e-04
1.568794250488281250e-04
1.618862152099609375e-04
1.571178436279296875e-04
1.578330993652343750e-04
1.575946807861328125e-04
1.716613769531250000e-04
1.580715179443359375e-04
1.540184020996093750e-04
1.506805419921875000e-04
1.506805419921875000e-04
1.518726348876953125e-04
1.494884490966796875e-04
1.506805419921875000e-04
1.506805419921875000e-04
1.497268676757812500e-04
1.497268676757812500e-04
1.494884490966796875e-04
1.485347747802734375e-04
1.502037048339843750e-04
1.499652862548828125e-04
1.504421234130859375e-04
1.485347747802734375e-04
1.564025878906250000e-04
1.523494720458984375e-04
1.502037048339843750e-04
1.521110534667968750e-04
1.506805419921875000e-04
