7.898807525634765625e-04
6.966590881347656250e-04
6.825923919677734375e-04
6.773471832275390625e-04
6.682872772216796875e-04
6.732940673828125000e-04
6.663799285888671875e-04
6.721019744873046875e-04
6.680488586425781250e-04
6.744861602783203125e-04
6.690025329589843750e-04
6.749629974365234375e-04
6.670951843261718750e-04
6.754398345947265625e-04
6.747245788574218750e-04
6.744861602783203125e-04
6.737709045410156250e-04
6.670951843261718750e-04
6.732940673828125000e-04
6.673336029052734375e-04
6.713867187500000000e-04
6.752014160156250000e-04
6.728172302246093750e-04
6.897449493408203125e-04
6.680488586425781250e-04
6.737709045410156250e-04
7.128715515136718750e-04
6.685256958007812500e-04
6.756782531738281250e-04
6.740093231201171875e-04
7.903575897216796875e-04
6.771087646484375000e-04
6.730556488037109375e-04
6.740093231201171875e-04
6.735324859619140625e-04
6.663799285888671875e-04
6.699562072753906250e-04
6.752014160156250000e-04
6.735324859619140625e-04
6.744861602783203125e-04
6.730556488037109375e-04
6.732940673828125000e-04
6.749629974365234375e-04
6.756782531738281250e-04
6.680488586425781250e-04
6.704330444335937500e-04
6.730556488037109375e-04
6.682872772216796875e-04
6.759166717529296875e-04
6.675720214843750000e-04
6.673336029052734375e-04
6.730556488037109375e-04
6.740093231201171875e-04
6.790161132812500000e-04
6.749629974365234375e-04
6.861686706542968750e-04
6.711483001708984375e-04
6.771087646484375000e-04
6.754398345947265625e-04
6.752014160156250000e-04
6.687641143798828125e-04
6.749629974365234375e-04
6.680488586425781250e-04
6.859302520751953125e-04
6.754398345947265625e-04
6.725788116455078125e-04
6.735324859619140625e-04
6.649494171142578125e-04
6.675720214843750000e-04
6.749629974365234375e-04
6.744861602783203125e-04
6.659030914306640625e-04
6.682872772216796875e-04
6.675720214843750000e-04
6.768703460693359375e-04
6.740093231201171875e-04
6.744861602783203125e-04
6.732940673828125000e-04
7.123947143554687500e-04
6.723403930664062500e-04
6.759166717529296875e-04
6.732940673828125000e-04
6.754398345947265625e-04
6.761550903320312500e-04
6.744861602783203125e-04
6.737709045410156250e-04
6.742477416992187500e-04
6.759166717529296875e-04
7.393360137939453125e-04
6.802082061767578125e-04
6.754398345947265625e-04
7.200241088867187500e-04
6.775856018066406250e-04
6.756782531738281250e-04
6.685256958007812500e-04
6.723403930664062500e-04
6.737709045410156250e-04
6.799697875976562500e-04
6.749629974365234375e-04
6.709098815917968750e-04
6.802082061767578125e-04
6.778240203857421875e-04
6.742477416992187500e-04
6.728172302246093750e-04
6.670951843261718750e-04
6.749629974365234375e-04
6.668567657470703125e-04
1.039266586303710938e-03
6.680488586425781250e-04
6.742477416992187500e-04
6.754398345947265625e-04
6.721019744873046875e-04
6.740093231201171875e-04
6.744861602783203125e-04
6.740093231201171875e-04
6.754398345947265625e-04
6.723403930664062500e-04
6.759166717529296875e-04
6.666183471679687500e-04
6.756782531738281250e-04
6.685256958007812500e-04
6.787776947021484375e-04
6.761550903320312500e-04
6.735324859619140625e-04
6.692409515380859375e-04
6.728172302246093750e-04
6.742477416992187500e-04
6.742477416992187500e-04
6.735324859619140625e-04
6.780624389648437500e-04
6.763935089111328125e-04
6.670951843261718750e-04
6.723403930664062500e-04
6.775856018066406250e-04
6.742477416992187500e-04
6.687641143798828125e-04
6.752014160156250000e-04
6.723403930664062500e-04
6.661415100097656250e-04
6.737709045410156250e-04
6.721019744873046875e-04
6.692409515380859375e-04
6.747245788574218750e-04
6.694793701171875000e-04
6.752014160156250000e-04
6.742477416992187500e-04
6.728172302246093750e-04
6.737709045410156250e-04
6.732940673828125000e-04
6.744861602783203125e-04
6.692409515380859375e-04
6.752014160156250000e-04
6.747245788574218750e-04
6.749629974365234375e-04
6.752014160156250000e-04
6.685256958007812500e-04
6.744861602783203125e-04
6.728172302246093750e-04
6.737709045410156250e-04
6.952285766601562500e-04
6.761550903320312500e-04
6.744861602783203125e-04
6.971359252929687500e-04
6.747245788574218750e-04
6.682872772216796875e-04
6.737709045410156250e-04
6.740093231201171875e-04
6.728172302246093750e-04
6.759166717529296875e-04
6.747245788574218750e-04
6.668567657470703125e-04
6.747245788574218750e-04
6.730556488037109375e-04
6.735324859619140625e-04
6.725788116455078125e-04
6.732940673828125000e-04
6.749629974365234375e-04
6.732940673828125000e-04
6.737709045410156250e-04
6.699562072753906250e-04
6.730556488037109375e-04
6.766319274902343750e-04
7.035732269287109375e-04
6.775856018066406250e-04
6.737709045410156250e-04
6.752014160156250000e-04
6.685256958007812500e-04
6.670951843261718750e-04
6.680488586425781250e-04
6.759166717529296875e-04
6.749629974365234375e-04
6.740093231201171875e-04
6.756782531738281250e-04
6.747245788574218750e-04
6.749629974365234375e-04
6.687641143798828125e-04
6.747245788574218750e-04
6.780624389648437500e-04
6.678104400634765625e-04
6.685256958007812500e-04
1.305580139160156250e-03
7.801055908203125000e-04
7.598400115966796875e-04
7.779598236083984375e-04
8.811950683593750000e-04
7.412433624267578125e-04
7.398128509521484375e-04
8.013248443603515625e-04
7.810592651367187500e-04
7.920265197753906250e-04
7.805824279785156250e-04
8.592605590820312500e-04
7.865428924560546875e-04
8.003711700439453125e-04
7.810592651367187500e-04
7.750988006591796875e-04
7.846355438232421875e-04
7.865428924560546875e-04
7.736682891845703125e-04
7.791519165039062500e-04
7.812976837158203125e-04
7.748603820800781250e-04
7.810592651367187500e-04
7.815361022949218750e-04
7.827281951904296875e-04
7.846355438232421875e-04
7.803440093994140625e-04
7.772445678710937500e-04
7.889270782470703125e-04
7.803440093994140625e-04
7.305145263671875000e-04
7.364749908447265625e-04
7.371902465820312500e-04
7.398128509521484375e-04
7.374286651611328125e-04
7.379055023193359375e-04
7.295608520507812500e-04
7.381439208984375000e-04
7.362365722656250000e-04
7.348060607910156250e-04
7.290840148925781250e-04
7.340908050537109375e-04
7.350444793701171875e-04
7.293224334716796875e-04
7.526874542236328125e-04
7.357597351074218750e-04
7.309913635253906250e-04
7.338523864746093750e-04
7.245540618896484375e-04
7.693767547607421875e-04
7.352828979492187500e-04
7.691383361816406250e-04
7.278919219970703125e-04
7.357597351074218750e-04
7.300376892089843750e-04
7.369518280029296875e-04
7.333755493164062500e-04
7.641315460205078125e-04
7.312297821044921875e-04
7.371902465820312500e-04
7.309913635253906250e-04
7.309913635253906250e-04
7.333755493164062500e-04
7.331371307373046875e-04
7.324218750000000000e-04
7.371902465820312500e-04
7.278919219970703125e-04
7.345676422119140625e-04
7.247924804687500000e-04
7.324218750000000000e-04
7.343292236328125000e-04
7.309913635253906250e-04
7.355213165283203125e-04
7.812976837158203125e-04
7.343292236328125000e-04
7.367134094238281250e-04
7.381439208984375000e-04
7.302761077880859375e-04
7.364749908447265625e-04
7.314682006835937500e-04
7.348060607910156250e-04
7.371902465820312500e-04
7.274150848388671875e-04
7.367134094238281250e-04
7.333755493164062500e-04
7.328987121582031250e-04
7.388591766357421875e-04
7.288455963134765625e-04
7.343292236328125000e-04
7.383823394775390625e-04
7.381439208984375000e-04
7.307529449462890625e-04
7.309913635253906250e-04
7.288455963134765625e-04
7.276535034179687500e-04
7.333755493164062500e-04
7.262229919433593750e-04
7.314682006835937500e-04
7.362365722656250000e-04
7.317066192626953125e-04
7.290840148925781250e-04
7.400512695312500000e-04
7.412433624267578125e-04
7.464885711669921875e-04
7.398128509521484375e-04
7.293224334716796875e-04
7.317066192626953125e-04
7.250308990478515625e-04
7.355213165283203125e-04
7.371902465820312500e-04
8.080005645751953125e-04
7.390975952148437500e-04
9.462833404541015625e-04
7.514953613281250000e-04
7.379055023193359375e-04
7.400512695312500000e-04
7.488727569580078125e-04
7.500648498535156250e-04
7.507801055908203125e-04
7.276535034179687500e-04
7.324218750000000000e-04
7.441043853759765625e-04
7.379055023193359375e-04
7.350444793701171875e-04
7.512569427490234375e-04
7.691383361816406250e-04
7.324218750000000000e-04
7.348060607910156250e-04
7.550716400146484375e-04
7.808208465576171875e-04
7.381439208984375000e-04
7.274150848388671875e-04
7.307529449462890625e-04
7.324218750000000000e-04
7.426738739013671875e-04
7.362365722656250000e-04
7.371902465820312500e-04
7.417201995849609375e-04
7.252693176269531250e-04
7.352828979492187500e-04
7.340908050537109375e-04
7.264614105224609375e-04
7.350444793701171875e-04
7.331371307373046875e-04
7.319450378417968750e-04
7.352828979492187500e-04
7.276535034179687500e-04
7.388591766357421875e-04
7.357597351074218750e-04
7.281303405761718750e-04
7.319450378417968750e-04
7.388591766357421875e-04
7.431507110595703125e-04
7.345676422119140625e-04
7.307529449462890625e-04
7.805824279785156250e-04
7.383823394775390625e-04
7.379055023193359375e-04
7.379055023193359375e-04
7.333755493164062500e-04
7.512569427490234375e-04
7.369518280029296875e-04
7.393360137939453125e-04
7.343292236328125000e-04
7.309913635253906250e-04
7.364749908447265625e-04
7.269382476806640625e-04
7.331371307373046875e-04
7.419586181640625000e-04
7.381439208984375000e-04
7.340908050537109375e-04
7.362365722656250000e-04
7.288455963134765625e-04
7.321834564208984375e-04
7.309913635253906250e-04
7.343292236328125000e-04
7.312297821044921875e-04
7.290840148925781250e-04
7.352828979492187500e-04
7.357597351074218750e-04
7.371902465820312500e-04
7.350444793701171875e-04
7.374286651611328125e-04
7.317066192626953125e-04
7.324218750000000000e-04
7.386207580566406250e-04
7.357597351074218750e-04
7.300376892089843750e-04
7.352828979492187500e-04
7.307529449462890625e-04
7.343292236328125000e-04
7.362365722656250000e-04
7.293224334716796875e-04
7.379055023193359375e-04
7.314682006835937500e-04
7.278919219970703125e-04
7.393360137939453125e-04
7.266998291015625000e-04
7.319450378417968750e-04
7.407665252685546875e-04
1.143932342529296875e-03
6.875991821289062500e-04
6.830692291259765625e-04
6.659030914306640625e-04
6.744861602783203125e-04
6.630420684814453125e-04
6.630420684814453125e-04
6.601810455322265625e-04
6.577968597412109375e-04
6.663799285888671875e-04
6.713867187500000000e-04
7.007122039794921875e-04
6.790161132812500000e-04
6.742477416992187500e-04
6.730556488037109375e-04
6.728172302246093750e-04
6.728172302246093750e-04
6.713867187500000000e-04
6.599426269531250000e-04
6.735324859619140625e-04
6.732940673828125000e-04
6.685256958007812500e-04
6.730556488037109375e-04
6.725788116455078125e-04
6.656646728515625000e-04
6.670951843261718750e-04
6.673336029052734375e-04
6.730556488037109375e-04
6.656646728515625000e-04
6.670951843261718750e-04
6.680488586425781250e-04
6.666183471679687500e-04
6.711483001708984375e-04
6.644725799560546875e-04
6.706714630126953125e-04
6.647109985351562500e-04
6.635189056396484375e-04
6.687641143798828125e-04
6.685256958007812500e-04
6.649494171142578125e-04
6.718635559082031250e-04
6.697177886962890625e-04
6.697177886962890625e-04
6.694793701171875000e-04
6.694793701171875000e-04
6.682872772216796875e-04
6.725788116455078125e-04
6.687641143798828125e-04
6.690025329589843750e-04
6.704330444335937500e-04
6.668567657470703125e-04
6.694793701171875000e-04
6.673336029052734375e-04
6.728172302246093750e-04
6.630420684814453125e-04
6.742477416992187500e-04
6.711483001708984375e-04
6.718635559082031250e-04
6.692409515380859375e-04
6.682872772216796875e-04
6.721019744873046875e-04
6.701946258544921875e-04
6.632804870605468750e-04
6.666183471679687500e-04
6.699562072753906250e-04
6.704330444335937500e-04
6.647109985351562500e-04
6.661415100097656250e-04
6.649494171142578125e-04
6.651878356933593750e-04
6.694793701171875000e-04
6.780624389648437500e-04
6.632804870605468750e-04
6.732940673828125000e-04
6.716251373291015625e-04
6.737709045410156250e-04
6.721019744873046875e-04
6.692409515380859375e-04
6.663799285888671875e-04
6.737709045410156250e-04
6.732940673828125000e-04
7.121562957763671875e-04
6.718635559082031250e-04
6.656646728515625000e-04
6.701946258544921875e-04
6.694793701171875000e-04
6.659030914306640625e-04
6.701946258544921875e-04
6.718635559082031250e-04
6.730556488037109375e-04
6.711483001708984375e-04
6.701946258544921875e-04
6.692409515380859375e-04
6.902217864990234375e-04
6.632804870605468750e-04
6.663799285888671875e-04
6.740093231201171875e-04
6.706714630126953125e-04
6.723403930664062500e-04
6.661415100097656250e-04
6.701946258544921875e-04
6.654262542724609375e-04
6.654262542724609375e-04
6.701946258544921875e-04
6.709098815917968750e-04
6.730556488037109375e-04
6.709098815917968750e-04
6.728172302246093750e-04
6.709098815917968750e-04
6.639957427978515625e-04
6.690025329589843750e-04
6.718635559082031250e-04
6.642341613769531250e-04
6.699562072753906250e-04
6.718635559082031250e-04
6.675720214843750000e-04
6.656646728515625000e-04
6.718635559082031250e-04
9.400844573974609375e-04
6.654262542724609375e-04
6.673336029052734375e-04
6.675720214843750000e-04
7.021427154541015625e-04
6.713867187500000000e-04
6.675720214843750000e-04
6.606578826904296875e-04
6.659030914306640625e-04
6.697177886962890625e-04
6.725788116455078125e-04
6.623268127441406250e-04
6.771087646484375000e-04
7.026195526123046875e-04
6.623268127441406250e-04
6.670951843261718750e-04
6.673336029052734375e-04
6.668567657470703125e-04
6.709098815917968750e-04
6.723403930664062500e-04
6.616115570068359375e-04
6.611347198486328125e-04
6.704330444335937500e-04
6.887912750244140625e-04
6.630420684814453125e-04
6.632804870605468750e-04
6.709098815917968750e-04
6.663799285888671875e-04
6.718635559082031250e-04
6.666183471679687500e-04
6.680488586425781250e-04
6.644725799560546875e-04
6.649494171142578125e-04
7.092952728271484375e-04
6.661415100097656250e-04
6.608963012695312500e-04
6.752014160156250000e-04
7.100105285644531250e-04
7.081031799316406250e-04
6.661415100097656250e-04
6.709098815917968750e-04
6.659030914306640625e-04
6.804466247558593750e-04
6.718635559082031250e-04
6.721019744873046875e-04
6.706714630126953125e-04
6.628036499023437500e-04
6.723403930664062500e-04
6.613731384277343750e-04
6.661415100097656250e-04
6.694793701171875000e-04
6.725788116455078125e-04
6.706714630126953125e-04
6.725788116455078125e-04
6.673336029052734375e-04
7.057189941406250000e-04
6.699562072753906250e-04
7.207393646240234375e-04
6.718635559082031250e-04
6.983280181884765625e-04
6.690025329589843750e-04
6.647109985351562500e-04
6.737709045410156250e-04
6.692409515380859375e-04
6.697177886962890625e-04
6.742477416992187500e-04
6.752014160156250000e-04
6.625652313232421875e-04
6.668567657470703125e-04
6.692409515380859375e-04
6.716251373291015625e-04
6.840229034423828125e-04
6.692409515380859375e-04
6.704330444335937500e-04
6.661415100097656250e-04
6.637573242187500000e-04
7.138252258300781250e-04
6.670951843261718750e-04
6.659030914306640625e-04
6.713867187500000000e-04
6.692409515380859375e-04
6.592273712158203125e-04
1.262426376342773438e-03
7.581710815429687500e-04
7.517337799072265625e-04
7.352828979492187500e-04
7.441043853759765625e-04
7.398128509521484375e-04
7.398128509521484375e-04
7.367134094238281250e-04
7.491111755371093750e-04
7.681846618652343750e-04
7.674694061279296875e-04
7.784366607666015625e-04
7.436275482177734375e-04
7.374286651611328125e-04
7.350444793701171875e-04
7.338523864746093750e-04
7.321834564208984375e-04
7.348060607910156250e-04
7.350444793701171875e-04
7.619857788085937500e-04
7.345676422119140625e-04
7.503032684326171875e-04
7.302761077880859375e-04
7.321834564208984375e-04
7.390975952148437500e-04
7.307529449462890625e-04
7.355213165283203125e-04
7.345676422119140625e-04
7.331371307373046875e-04
7.402896881103515625e-04
7.317066192626953125e-04
7.293224334716796875e-04
7.288455963134765625e-04
7.274150848388671875e-04
7.269382476806640625e-04
7.312297821044921875e-04
7.345676422119140625e-04
7.266998291015625000e-04
7.321834564208984375e-04
7.314682006835937500e-04
7.259845733642578125e-04
7.338523864746093750e-04
7.352828979492187500e-04
7.326602935791015625e-04
7.300376892089843750e-04
7.374286651611328125e-04
7.262229919433593750e-04
7.359981536865234375e-04
7.405281066894531250e-04
7.309913635253906250e-04
7.388591766357421875e-04
7.283687591552734375e-04
7.266998291015625000e-04
7.276535034179687500e-04
7.359981536865234375e-04
7.388591766357421875e-04
7.214546203613281250e-04
7.247924804687500000e-04
7.271766662597656250e-04
7.324218750000000000e-04
7.266998291015625000e-04
7.352828979492187500e-04
7.269382476806640625e-04
7.324218750000000000e-04
7.343292236328125000e-04
7.269382476806640625e-04
7.455348968505859375e-04
7.379055023193359375e-04
7.328987121582031250e-04
7.274150848388671875e-04
7.340908050537109375e-04
7.925033569335937500e-04
7.574558258056640625e-04
7.355213165283203125e-04
7.324218750000000000e-04
7.419586181640625000e-04
7.307529449462890625e-04
7.336139678955078125e-04
7.307529449462890625e-04
7.369518280029296875e-04
7.379055023193359375e-04
7.374286651611328125e-04
7.276535034179687500e-04
7.283687591552734375e-04
7.433891296386718750e-04
7.266998291015625000e-04
7.331371307373046875e-04
7.283687591552734375e-04
7.255077362060546875e-04
7.348060607910156250e-04
7.376670837402343750e-04
7.343292236328125000e-04
7.317066192626953125e-04
7.286071777343750000e-04
7.398128509521484375e-04
7.250308990478515625e-04
7.450580596923828125e-04
7.431507110595703125e-04
7.333755493164062500e-04
7.441043853759765625e-04
7.328987121582031250e-04
7.359981536865234375e-04
7.433891296386718750e-04
7.259845733642578125e-04
7.300376892089843750e-04
7.340908050537109375e-04
7.326602935791015625e-04
7.345676422119140625e-04
7.302761077880859375e-04
7.326602935791015625e-04
7.312297821044921875e-04
7.352828979492187500e-04
7.309913635253906250e-04
7.388591766357421875e-04
7.343292236328125000e-04
7.269382476806640625e-04
7.338523864746093750e-04
7.324218750000000000e-04
7.369518280029296875e-04
7.338523864746093750e-04
7.314682006835937500e-04
7.262229919433593750e-04
7.321834564208984375e-04
7.293224334716796875e-04
7.276535034179687500e-04
7.314682006835937500e-04
7.302761077880859375e-04
7.340908050537109375e-04
7.350444793701171875e-04
7.305145263671875000e-04
7.336139678955078125e-04
7.312297821044921875e-04
7.328987121582031250e-04
7.305145263671875000e-04
7.233619689941406250e-04
7.314682006835937500e-04
7.410049438476562500e-04
7.338523864746093750e-04
7.383823394775390625e-04
7.283687591552734375e-04
7.286071777343750000e-04
7.302761077880859375e-04
7.340908050537109375e-04
7.343292236328125000e-04
7.290840148925781250e-04
7.324218750000000000e-04
7.331371307373046875e-04
7.286071777343750000e-04
7.350444793701171875e-04
7.359981536865234375e-04
7.469654083251953125e-04
7.364749908447265625e-04
7.319450378417968750e-04
7.328987121582031250e-04
7.753372192382812500e-04
7.424354553222656250e-04
7.364749908447265625e-04
7.369518280029296875e-04
7.238388061523437500e-04
7.352828979492187500e-04
7.328987121582031250e-04
7.283687591552734375e-04
7.281303405761718750e-04
7.338523864746093750e-04
7.286071777343750000e-04
7.297992706298828125e-04
7.364749908447265625e-04
7.333755493164062500e-04
7.266998291015625000e-04
7.328987121582031250e-04
7.359981536865234375e-04
7.393360137939453125e-04
7.286071777343750000e-04
7.317066192626953125e-04
7.371902465820312500e-04
7.300376892089843750e-04
7.340908050537109375e-04
7.352828979492187500e-04
7.331371307373046875e-04
7.240772247314453125e-04
7.374286651611328125e-04
7.302761077880859375e-04
7.257461547851562500e-04
7.297992706298828125e-04
7.340908050537109375e-04
7.319450378417968750e-04
1.034498214721679688e-03
7.622241973876953125e-04
7.352828979492187500e-04
7.390975952148437500e-04
7.367134094238281250e-04
7.321834564208984375e-04
7.348060607910156250e-04
7.276535034179687500e-04
7.364749908447265625e-04
8.254051208496093750e-04
7.324218750000000000e-04
7.362365722656250000e-04
7.271766662597656250e-04
7.381439208984375000e-04
1.179695129394531250e-03
6.937980651855468750e-04
7.154941558837890625e-04
6.828308105468750000e-04
7.081031799316406250e-04
6.763935089111328125e-04
6.697177886962890625e-04
6.773471832275390625e-04
6.754398345947265625e-04
6.725788116455078125e-04
6.730556488037109375e-04
6.694793701171875000e-04
6.711483001708984375e-04
6.735324859619140625e-04
6.747245788574218750e-04
6.649494171142578125e-04
6.668567657470703125e-04
6.763935089111328125e-04
6.682872772216796875e-04
6.711483001708984375e-04
6.678104400634765625e-04
6.704330444335937500e-04
6.730556488037109375e-04
6.730556488037109375e-04
6.711483001708984375e-04
6.973743438720703125e-04
6.718635559082031250e-04
6.747245788574218750e-04
6.642341613769531250e-04
6.735324859619140625e-04
6.680488586425781250e-04
6.713867187500000000e-04
6.780624389648437500e-04
6.682872772216796875e-04
6.728172302246093750e-04
6.742477416992187500e-04
6.732940673828125000e-04
6.678104400634765625e-04
6.632804870605468750e-04
7.083415985107421875e-04
6.704330444335937500e-04
6.637573242187500000e-04
6.732940673828125000e-04
6.670951843261718750e-04
6.728172302246093750e-04
6.644725799560546875e-04
6.706714630126953125e-04
6.601810455322265625e-04
6.608963012695312500e-04
6.692409515380859375e-04
6.647109985351562500e-04
7.061958312988281250e-04
6.649494171142578125e-04
6.742477416992187500e-04
6.728172302246093750e-04
6.690025329589843750e-04
6.716251373291015625e-04
6.718635559082031250e-04
6.718635559082031250e-04
6.690025329589843750e-04
6.730556488037109375e-04
6.711483001708984375e-04
6.685256958007812500e-04
6.649494171142578125e-04
6.632804870605468750e-04
6.747245788574218750e-04
6.663799285888671875e-04
6.721019744873046875e-04
6.706714630126953125e-04
6.678104400634765625e-04
6.682872772216796875e-04
6.670951843261718750e-04
6.711483001708984375e-04
7.307529449462890625e-04
6.647109985351562500e-04
7.004737854003906250e-04
6.721019744873046875e-04
6.775856018066406250e-04
6.778240203857421875e-04
6.749629974365234375e-04
6.656646728515625000e-04
7.140636444091796875e-04
6.885528564453125000e-04
6.835460662841796875e-04
6.718635559082031250e-04
6.692409515380859375e-04
6.740093231201171875e-04
6.701946258544921875e-04
6.747245788574218750e-04
6.775856018066406250e-04
6.716251373291015625e-04
6.678104400634765625e-04
6.656646728515625000e-04
6.656646728515625000e-04
6.692409515380859375e-04
6.711483001708984375e-04
6.680488586425781250e-04
6.651878356933593750e-04
6.632804870605468750e-04
6.942749023437500000e-04
6.804466247558593750e-04
6.632804870605468750e-04
6.752014160156250000e-04
6.742477416992187500e-04
6.704330444335937500e-04
6.651878356933593750e-04
6.737709045410156250e-04
6.668567657470703125e-04
6.754398345947265625e-04
6.675720214843750000e-04
6.644725799560546875e-04
6.756782531738281250e-04
6.656646728515625000e-04
6.704330444335937500e-04
7.016658782958984375e-04
6.814002990722656250e-04
6.759166717529296875e-04
7.033348083496093750e-04
6.830692291259765625e-04
6.723403930664062500e-04
6.730556488037109375e-04
6.613731384277343750e-04
7.123947143554687500e-04
6.818771362304687500e-04
6.737709045410156250e-04
6.690025329589843750e-04
6.647109985351562500e-04
7.925033569335937500e-04
6.752014160156250000e-04
6.697177886962890625e-04
6.692409515380859375e-04
6.566047668457031250e-04
6.711483001708984375e-04
6.687641143798828125e-04
6.694793701171875000e-04
6.613731384277343750e-04
6.716251373291015625e-04
6.644725799560546875e-04
6.756782531738281250e-04
6.694793701171875000e-04
6.666183471679687500e-04
6.616115570068359375e-04
6.930828094482421875e-04
6.692409515380859375e-04
6.651878356933593750e-04
6.773471832275390625e-04
6.620883941650390625e-04
6.668567657470703125e-04
6.651878356933593750e-04
6.697177886962890625e-04
6.606578826904296875e-04
6.716251373291015625e-04
6.701946258544921875e-04
6.632804870605468750e-04
6.632804870605468750e-04
6.716251373291015625e-04
6.687641143798828125e-04
6.778240203857421875e-04
6.668567657470703125e-04
6.642341613769531250e-04
6.725788116455078125e-04
6.873607635498046875e-04
6.718635559082031250e-04
6.704330444335937500e-04
6.725788116455078125e-04
6.697177886962890625e-04
6.701946258544921875e-04
6.690025329589843750e-04
6.735324859619140625e-04
6.628036499023437500e-04
6.706714630126953125e-04
6.668567657470703125e-04
6.673336029052734375e-04
6.730556488037109375e-04
6.759166717529296875e-04
6.687641143798828125e-04
6.675720214843750000e-04
6.699562072753906250e-04
6.706714630126953125e-04
6.659030914306640625e-04
6.842613220214843750e-04
6.632804870605468750e-04
6.754398345947265625e-04
6.713867187500000000e-04
6.725788116455078125e-04
6.637573242187500000e-04
6.709098815917968750e-04
1.036882400512695312e-03
6.792545318603515625e-04
6.697177886962890625e-04
6.818771362304687500e-04
6.747245788574218750e-04
6.680488586425781250e-04
6.721019744873046875e-04
6.721019744873046875e-04
6.635189056396484375e-04
6.732940673828125000e-04
6.721019744873046875e-04
6.723403930664062500e-04
6.663799285888671875e-04
1.331329345703125000e-03
7.629394531250000000e-04
7.412433624267578125e-04
7.429122924804687500e-04
7.395744323730468750e-04
7.390975952148437500e-04
7.290840148925781250e-04
7.357597351074218750e-04
7.333755493164062500e-04
7.300376892089843750e-04
7.338523864746093750e-04
7.340908050537109375e-04
7.393360137939453125e-04
7.271766662597656250e-04
7.340908050537109375e-04
7.696151733398437500e-04
7.326602935791015625e-04
7.362365722656250000e-04
7.355213165283203125e-04
7.302761077880859375e-04
7.290840148925781250e-04
7.305145263671875000e-04
7.355213165283203125e-04
7.321834564208984375e-04
7.328987121582031250e-04
7.357597351074218750e-04
7.355213165283203125e-04
7.362365722656250000e-04
7.343292236328125000e-04
7.367134094238281250e-04
7.283687591552734375e-04
7.371902465820312500e-04
7.307529449462890625e-04
7.278919219970703125e-04
7.369518280029296875e-04
7.371902465820312500e-04
7.374286651611328125e-04
7.355213165283203125e-04
7.371902465820312500e-04
7.276535034179687500e-04
7.381439208984375000e-04
7.319450378417968750e-04
7.321834564208984375e-04
7.276535034179687500e-04
7.333755493164062500e-04
7.264614105224609375e-04
7.362365722656250000e-04
7.362365722656250000e-04
7.498264312744140625e-04
7.331371307373046875e-04
7.266998291015625000e-04
7.328987121582031250e-04
7.245540618896484375e-04
7.305145263671875000e-04
7.331371307373046875e-04
7.300376892089843750e-04
7.326602935791015625e-04
7.388591766357421875e-04
7.278919219970703125e-04
7.328987121582031250e-04
7.269382476806640625e-04
7.452964782714843750e-04
7.295608520507812500e-04
7.262229919433593750e-04
7.317066192626953125e-04
7.622241973876953125e-04
7.269382476806640625e-04
7.283687591552734375e-04
7.336139678955078125e-04
7.288455963134765625e-04
7.302761077880859375e-04
7.333755493164062500e-04
7.262229919433593750e-04
7.321834564208984375e-04
7.326602935791015625e-04
7.286071777343750000e-04
7.331371307373046875e-04
7.300376892089843750e-04
7.319450378417968750e-04
7.326602935791015625e-04
7.281303405761718750e-04
7.297992706298828125e-04
7.307529449462890625e-04
7.319450378417968750e-04
7.326602935791015625e-04
7.274150848388671875e-04
7.276535034179687500e-04
7.326602935791015625e-04
7.302761077880859375e-04
7.340908050537109375e-04
7.305145263671875000e-04
7.312297821044921875e-04
7.317066192626953125e-04
7.321834564208984375e-04
7.739067077636718750e-04
7.374286651611328125e-04
7.352828979492187500e-04
7.376670837402343750e-04
7.309913635253906250e-04
7.257461547851562500e-04
7.333755493164062500e-04
7.359981536865234375e-04
7.295608520507812500e-04
7.238388061523437500e-04
7.352828979492187500e-04
7.300376892089843750e-04
7.247924804687500000e-04
7.374286651611328125e-04
7.293224334716796875e-04
7.328987121582031250e-04
7.243156433105468750e-04
7.312297821044921875e-04
7.348060607910156250e-04
7.350444793701171875e-04
7.345676422119140625e-04
7.357597351074218750e-04
7.328987121582031250e-04
7.350444793701171875e-04
7.309913635253906250e-04
7.345676422119140625e-04
7.331371307373046875e-04
7.281303405761718750e-04
7.302761077880859375e-04
7.302761077880859375e-04
7.305145263671875000e-04
7.297992706298828125e-04
7.309913635253906250e-04
7.274150848388671875e-04
7.338523864746093750e-04
7.314682006835937500e-04
7.412433624267578125e-04
7.290840148925781250e-04
7.364749908447265625e-04
7.240772247314453125e-04
7.345676422119140625e-04
9.379386901855468750e-04
7.276535034179687500e-04
7.815361022949218750e-04
7.276535034179687500e-04
7.367134094238281250e-04
7.350444793701171875e-04
7.345676422119140625e-04
7.407665252685546875e-04
7.343292236328125000e-04
7.421970367431640625e-04
7.450580596923828125e-04
7.317066192626953125e-04
7.297992706298828125e-04
7.467269897460937500e-04
7.309913635253906250e-04
7.276535034179687500e-04
7.410049438476562500e-04
7.338523864746093750e-04
7.376670837402343750e-04
7.348060607910156250e-04
7.343292236328125000e-04
7.283687591552734375e-04
7.376670837402343750e-04
7.328987121582031250e-04
7.319450378417968750e-04
7.264614105224609375e-04
7.297992706298828125e-04
7.319450378417968750e-04
7.266998291015625000e-04
7.333755493164062500e-04
7.274150848388671875e-04
7.307529449462890625e-04
7.348060607910156250e-04
7.307529449462890625e-04
7.314682006835937500e-04
7.243156433105468750e-04
7.350444793701171875e-04
7.362365722656250000e-04
7.343292236328125000e-04
7.326602935791015625e-04
7.379055023193359375e-04
7.283687591552734375e-04
7.326602935791015625e-04
7.328987121582031250e-04
7.295608520507812500e-04
7.288455963134765625e-04
7.283687591552734375e-04
7.326602935791015625e-04
7.340908050537109375e-04
7.271766662597656250e-04
7.348060607910156250e-04
7.374286651611328125e-04
7.321834564208984375e-04
7.328987121582031250e-04
7.338523864746093750e-04
7.314682006835937500e-04
7.367134094238281250e-04
7.326602935791015625e-04
7.293224334716796875e-04
7.338523864746093750e-04
7.386207580566406250e-04
7.257461547851562500e-04
7.290840148925781250e-04
7.321834564208984375e-04
7.336139678955078125e-04
1.167535781860351562e-03
7.102489471435546875e-04
6.926059722900390625e-04
7.083415985107421875e-04
6.809234619140625000e-04
6.709098815917968750e-04
6.775856018066406250e-04
6.694793701171875000e-04
6.630420684814453125e-04
6.670951843261718750e-04
6.692409515380859375e-04
6.630420684814453125e-04
6.721019744873046875e-04
6.678104400634765625e-04
7.073879241943359375e-04
6.673336029052734375e-04
6.630420684814453125e-04
6.663799285888671875e-04
6.663799285888671875e-04
6.721019744873046875e-04
6.721019744873046875e-04
6.623268127441406250e-04
6.642341613769531250e-04
6.816387176513671875e-04
6.723403930664062500e-04
6.608963012695312500e-04
6.687641143798828125e-04
6.713867187500000000e-04
6.709098815917968750e-04
6.697177886962890625e-04
6.706714630126953125e-04
6.730556488037109375e-04
6.701946258544921875e-04
6.723403930664062500e-04
6.771087646484375000e-04
6.711483001708984375e-04
6.644725799560546875e-04
6.673336029052734375e-04
6.663799285888671875e-04
6.594657897949218750e-04
6.778240203857421875e-04
6.685256958007812500e-04
6.594657897949218750e-04
6.744861602783203125e-04
6.768703460693359375e-04
6.647109985351562500e-04
6.697177886962890625e-04
6.699562072753906250e-04
6.647109985351562500e-04
6.644725799560546875e-04
6.692409515380859375e-04
6.642341613769531250e-04
6.637573242187500000e-04
6.756782531738281250e-04
6.642341613769531250e-04
6.694793701171875000e-04
6.723403930664062500e-04
6.663799285888671875e-04
6.709098815917968750e-04
6.747245788574218750e-04
6.790161132812500000e-04
6.625652313232421875e-04
6.644725799560546875e-04
6.682872772216796875e-04
6.704330444335937500e-04
6.685256958007812500e-04
6.754398345947265625e-04
6.678104400634765625e-04
6.749629974365234375e-04
6.890296936035156250e-04
6.680488586425781250e-04
6.718635559082031250e-04
6.628036499023437500e-04
6.692409515380859375e-04
6.699562072753906250e-04
6.647109985351562500e-04
6.656646728515625000e-04
6.663799285888671875e-04
6.723403930664062500e-04
6.661415100097656250e-04
6.713867187500000000e-04
6.721019744873046875e-04
6.628036499023437500e-04
6.699562072753906250e-04
6.694793701171875000e-04
6.749629974365234375e-04
6.630420684814453125e-04
6.635189056396484375e-04
6.666183471679687500e-04
7.326602935791015625e-04
6.723403930664062500e-04
6.983280181884765625e-04
6.697177886962890625e-04
6.699562072753906250e-04
6.637573242187500000e-04
6.644725799560546875e-04
6.694793701171875000e-04
6.613731384277343750e-04
6.694793701171875000e-04
6.687641143798828125e-04
6.670951843261718750e-04
6.618499755859375000e-04
6.692409515380859375e-04
6.701946258544921875e-04
6.737709045410156250e-04
6.711483001708984375e-04
6.735324859619140625e-04
6.718635559082031250e-04
6.680488586425781250e-04
6.690025329589843750e-04
6.675720214843750000e-04
6.685256958007812500e-04
6.747245788574218750e-04
6.613731384277343750e-04
6.706714630126953125e-04
6.639957427978515625e-04
6.735324859619140625e-04
6.854534149169921875e-04
6.649494171142578125e-04
6.678104400634765625e-04
6.723403930664062500e-04
6.737709045410156250e-04
6.711483001708984375e-04
6.783008575439453125e-04
6.644725799560546875e-04
6.666183471679687500e-04
6.649494171142578125e-04
6.630420684814453125e-04
6.670951843261718750e-04
6.642341613769531250e-04
6.728172302246093750e-04
6.647109985351562500e-04
6.706714630126953125e-04
6.701946258544921875e-04
6.630420684814453125e-04
6.775856018066406250e-04
6.711483001708984375e-04
6.663799285888671875e-04
6.651878356933593750e-04
6.618499755859375000e-04
6.694793701171875000e-04
6.663799285888671875e-04
6.644725799560546875e-04
6.699562072753906250e-04
6.844997406005859375e-04
6.735324859619140625e-04
6.697177886962890625e-04
6.842613220214843750e-04
6.692409515380859375e-04
6.713867187500000000e-04
6.678104400634765625e-04
6.568431854248046875e-04
6.661415100097656250e-04
6.678104400634765625e-04
6.706714630126953125e-04
6.887912750244140625e-04
6.701946258544921875e-04
6.678104400634765625e-04
6.673336029052734375e-04
6.630420684814453125e-04
6.601810455322265625e-04
6.694793701171875000e-04
6.704330444335937500e-04
6.685256958007812500e-04
6.670951843261718750e-04
6.642341613769531250e-04
6.661415100097656250e-04
6.620883941650390625e-04
6.718635559082031250e-04
6.661415100097656250e-04
6.625652313232421875e-04
6.632804870605468750e-04
6.630420684814453125e-04
6.625652313232421875e-04
6.637573242187500000e-04
6.673336029052734375e-04
6.599426269531250000e-04
6.682872772216796875e-04
6.690025329589843750e-04
6.685256958007812500e-04
6.690025329589843750e-04
6.690025329589843750e-04
6.678104400634765625e-04
6.697177886962890625e-04
6.725788116455078125e-04
6.721019744873046875e-04
6.647109985351562500e-04
6.654262542724609375e-04
7.066726684570312500e-04
7.052421569824218750e-04
6.608963012695312500e-04
6.599426269531250000e-04
6.718635559082031250e-04
6.606578826904296875e-04
6.856918334960937500e-04
6.675720214843750000e-04
6.766319274902343750e-04
6.616115570068359375e-04
6.651878356933593750e-04
7.069110870361328125e-04
1.234292984008789062e-03
7.464885711669921875e-04
7.424354553222656250e-04
7.781982421875000000e-04
7.445812225341796875e-04
7.398128509521484375e-04
7.383823394775390625e-04
7.350444793701171875e-04
7.398128509521484375e-04
7.393360137939453125e-04
7.324218750000000000e-04
7.369518280029296875e-04
7.374286651611328125e-04
7.405281066894531250e-04
7.293224334716796875e-04
7.410049438476562500e-04
7.395744323730468750e-04
7.359981536865234375e-04
7.355213165283203125e-04
7.390975952148437500e-04
7.364749908447265625e-04
7.326602935791015625e-04
7.393360137939453125e-04
7.350444793701171875e-04
8.339881896972656250e-04
7.421970367431640625e-04
8.006095886230468750e-04
7.603168487548828125e-04
7.388591766357421875e-04
7.390975952148437500e-04
7.390975952148437500e-04
7.865428924560546875e-04
7.331371307373046875e-04
7.317066192626953125e-04
7.464885711669921875e-04
7.314682006835937500e-04
7.371902465820312500e-04
7.283687591552734375e-04
7.638931274414062500e-04
7.374286651611328125e-04
7.848739624023437500e-04
7.369518280029296875e-04
7.383823394775390625e-04
7.286071777343750000e-04
7.324218750000000000e-04
7.348060607910156250e-04
7.381439208984375000e-04
7.395744323730468750e-04
7.259845733642578125e-04
7.398128509521484375e-04
7.359981536865234375e-04
7.345676422119140625e-04
7.333755493164062500e-04
7.414817810058593750e-04
7.319450378417968750e-04
7.297992706298828125e-04
7.290840148925781250e-04
7.295608520507812500e-04
7.448196411132812500e-04
7.398128509521484375e-04
7.321834564208984375e-04
7.400512695312500000e-04
7.305145263671875000e-04
7.362365722656250000e-04
7.388591766357421875e-04
7.290840148925781250e-04
7.379055023193359375e-04
7.369518280029296875e-04
7.381439208984375000e-04
7.300376892089843750e-04
7.383823394775390625e-04
7.379055023193359375e-04
7.386207580566406250e-04
7.376670837402343750e-04
7.309913635253906250e-04
7.305145263671875000e-04
7.359981536865234375e-04
7.276535034179687500e-04
7.352828979492187500e-04
7.355213165283203125e-04
7.331371307373046875e-04
7.367134094238281250e-04
7.398128509521484375e-04
7.364749908447265625e-04
7.362365722656250000e-04
7.331371307373046875e-04
7.236003875732421875e-04
7.336139678955078125e-04
7.283687591552734375e-04
7.259845733642578125e-04
7.348060607910156250e-04
7.312297821044921875e-04
7.321834564208984375e-04
7.345676422119140625e-04
7.321834564208984375e-04
7.383823394775390625e-04
7.343292236328125000e-04
7.357597351074218750e-04
7.269382476806640625e-04
7.367134094238281250e-04
7.419586181640625000e-04
7.359981536865234375e-04
7.233619689941406250e-04
7.336139678955078125e-04
7.317066192626953125e-04
7.314682006835937500e-04
7.328987121582031250e-04
7.383823394775390625e-04
7.297992706298828125e-04
7.326602935791015625e-04
7.274150848388671875e-04
7.412433624267578125e-04
7.319450378417968750e-04
7.393360137939453125e-04
7.405281066894531250e-04
7.355213165283203125e-04
7.412433624267578125e-04
7.407665252685546875e-04
7.290840148925781250e-04
7.281303405761718750e-04
7.452964782714843750e-04
7.357597351074218750e-04
7.483959197998046875e-04
7.338523864746093750e-04
7.414817810058593750e-04
7.281303405761718750e-04
7.364749908447265625e-04
7.328987121582031250e-04
7.348060607910156250e-04
7.371902465820312500e-04
7.350444793701171875e-04
7.381439208984375000e-04
7.369518280029296875e-04
7.314682006835937500e-04
1.049757003784179688e-03
7.400512695312500000e-04
7.314682006835937500e-04
7.350444793701171875e-04
7.381439208984375000e-04
7.522106170654296875e-04
7.259845733642578125e-04
7.350444793701171875e-04
7.324218750000000000e-04
7.286071777343750000e-04
7.336139678955078125e-04
7.359981536865234375e-04
7.367134094238281250e-04
7.355213165283203125e-04
7.297992706298828125e-04
7.328987121582031250e-04
7.345676422119140625e-04
7.328987121582031250e-04
7.381439208984375000e-04
7.362365722656250000e-04
7.266998291015625000e-04
7.255077362060546875e-04
7.328987121582031250e-04
7.338523864746093750e-04
7.269382476806640625e-04
7.338523864746093750e-04
7.331371307373046875e-04
7.271766662597656250e-04
7.383823394775390625e-04
7.252693176269531250e-04
7.338523864746093750e-04
7.319450378417968750e-04
7.302761077880859375e-04
7.357597351074218750e-04
7.328987121582031250e-04
7.393360137939453125e-04
7.326602935791015625e-04
7.324218750000000000e-04
7.374286651611328125e-04
7.295608520507812500e-04
7.359981536865234375e-04
7.345676422119140625e-04
7.317066192626953125e-04
7.290840148925781250e-04
7.326602935791015625e-04
7.331371307373046875e-04
7.221698760986328125e-04
7.340908050537109375e-04
7.333755493164062500e-04
7.545948028564453125e-04
7.405281066894531250e-04
7.736682891845703125e-04
7.266998291015625000e-04
7.362365722656250000e-04
7.276535034179687500e-04
7.355213165283203125e-04
7.736682891845703125e-04
7.278919219970703125e-04
7.271766662597656250e-04
7.283687591552734375e-04
7.348060607910156250e-04
7.266998291015625000e-04
7.352828979492187500e-04
7.250308990478515625e-04
7.269382476806640625e-04
7.379055023193359375e-04
1.125335693359375000e-03
7.026195526123046875e-04
6.966590881347656250e-04
6.802082061767578125e-04
6.916522979736328125e-04
6.961822509765625000e-04
6.806850433349609375e-04
6.890296936035156250e-04
6.856918334960937500e-04
7.154941558837890625e-04
6.906986236572265625e-04
7.133483886718750000e-04
7.185935974121093750e-04
7.171630859375000000e-04
6.821155548095703125e-04
6.737709045410156250e-04
6.670951843261718750e-04
6.673336029052734375e-04
6.697177886962890625e-04
6.868839263916015625e-04
6.711483001708984375e-04
6.823539733886718750e-04
6.694793701171875000e-04
6.628036499023437500e-04
6.673336029052734375e-04
6.682872772216796875e-04
2.449512481689453125e-03
6.809234619140625000e-04
6.678104400634765625e-04
6.635189056396484375e-04
6.737709045410156250e-04
6.678104400634765625e-04
6.809234619140625000e-04
6.606578826904296875e-04
6.697177886962890625e-04
6.699562072753906250e-04
6.625652313232421875e-04
6.694793701171875000e-04
6.647109985351562500e-04
6.604194641113281250e-04
6.690025329589843750e-04
6.630420684814453125e-04
6.613731384277343750e-04
6.589889526367187500e-04
6.599426269531250000e-04
6.685256958007812500e-04
6.668567657470703125e-04
6.687641143798828125e-04
6.694793701171875000e-04
7.238388061523437500e-04
7.050037384033203125e-04
6.873607635498046875e-04
6.556510925292968750e-04
6.656646728515625000e-04
6.678104400634765625e-04
6.635189056396484375e-04
6.673336029052734375e-04
6.678104400634765625e-04
6.690025329589843750e-04
6.635189056396484375e-04
6.630420684814453125e-04
6.740093231201171875e-04
6.744861602783203125e-04
6.668567657470703125e-04
6.635189056396484375e-04
6.732940673828125000e-04
6.661415100097656250e-04
6.711483001708984375e-04
6.842613220214843750e-04
6.735324859619140625e-04
6.670951843261718750e-04
6.730556488037109375e-04
6.654262542724609375e-04
6.680488586425781250e-04
6.732940673828125000e-04
6.694793701171875000e-04
6.630420684814453125e-04
6.642341613769531250e-04
6.618499755859375000e-04
6.668567657470703125e-04
6.730556488037109375e-04
6.697177886962890625e-04
6.661415100097656250e-04
6.699562072753906250e-04
6.682872772216796875e-04
6.692409515380859375e-04
6.709098815917968750e-04
6.599426269531250000e-04
6.697177886962890625e-04
6.608963012695312500e-04
6.752014160156250000e-04
6.694793701171875000e-04
6.709098815917968750e-04
6.659030914306640625e-04
6.582736968994140625e-04
6.692409515380859375e-04
6.630420684814453125e-04
6.668567657470703125e-04
6.687641143798828125e-04
6.721019744873046875e-04
6.773471832275390625e-04
6.709098815917968750e-04
6.675720214843750000e-04
7.023811340332031250e-04
6.625652313232421875e-04
6.630420684814453125e-04
6.725788116455078125e-04
6.754398345947265625e-04
6.637573242187500000e-04
6.699562072753906250e-04
6.730556488037109375e-04
6.637573242187500000e-04
6.678104400634765625e-04
6.718635559082031250e-04
6.685256958007812500e-04
6.680488586425781250e-04
6.685256958007812500e-04
6.701946258544921875e-04
6.687641143798828125e-04
6.856918334960937500e-04
6.680488586425781250e-04
6.613731384277343750e-04
6.713867187500000000e-04
6.637573242187500000e-04
7.097721099853515625e-04
6.978511810302734375e-04
6.990432739257812500e-04
7.116794586181640625e-04
7.081031799316406250e-04
7.073879241943359375e-04
7.059574127197265625e-04
7.090568542480468750e-04
7.052421569824218750e-04
7.047653198242187500e-04
7.042884826660156250e-04
7.090568542480468750e-04
7.071495056152343750e-04
6.766319274902343750e-04
6.728172302246093750e-04
6.694793701171875000e-04
6.728172302246093750e-04
6.654262542724609375e-04
6.675720214843750000e-04
6.668567657470703125e-04
6.666183471679687500e-04
6.716251373291015625e-04
6.716251373291015625e-04
6.647109985351562500e-04
6.756782531738281250e-04
6.656646728515625000e-04
6.699562072753906250e-04
6.611347198486328125e-04
6.644725799560546875e-04
7.040500640869140625e-04
6.766319274902343750e-04
6.628036499023437500e-04
8.738040924072265625e-04
7.174015045166015625e-04
6.716251373291015625e-04
6.673336029052734375e-04
6.666183471679687500e-04
6.711483001708984375e-04
6.673336029052734375e-04
6.632804870605468750e-04
6.699562072753906250e-04
6.926059722900390625e-04
6.630420684814453125e-04
6.728172302246093750e-04
6.723403930664062500e-04
6.711483001708984375e-04
6.871223449707031250e-04
6.620883941650390625e-04
6.692409515380859375e-04
6.706714630126953125e-04
6.690025329589843750e-04
6.692409515380859375e-04
6.730556488037109375e-04
6.761550903320312500e-04
6.709098815917968750e-04
6.921291351318359375e-04
6.699562072753906250e-04
6.787776947021484375e-04
6.647109985351562500e-04
6.570816040039062500e-04
6.718635559082031250e-04
6.690025329589843750e-04
6.701946258544921875e-04
6.682872772216796875e-04
6.744861602783203125e-04
6.706714630126953125e-04
6.675720214843750000e-04
6.608963012695312500e-04
6.699562072753906250e-04
6.673336029052734375e-04
6.673336029052734375e-04
6.709098815917968750e-04
6.630420684814453125e-04
6.682872772216796875e-04
6.618499755859375000e-04
6.642341613769531250e-04
1.225948333740234375e-03
7.641315460205078125e-04
7.452964782714843750e-04
7.376670837402343750e-04
7.400512695312500000e-04
7.364749908447265625e-04
7.362365722656250000e-04
7.274150848388671875e-04
7.362365722656250000e-04
7.381439208984375000e-04
7.400512695312500000e-04
7.319450378417968750e-04
7.483959197998046875e-04
7.388591766357421875e-04
7.278919219970703125e-04
7.319450378417968750e-04
7.352828979492187500e-04
7.405281066894531250e-04
7.369518280029296875e-04
7.359981536865234375e-04
7.357597351074218750e-04
7.359981536865234375e-04
7.367134094238281250e-04
7.390975952148437500e-04
7.314682006835937500e-04
7.369518280029296875e-04
7.331371307373046875e-04
7.312297821044921875e-04
7.324218750000000000e-04
7.309913635253906250e-04
7.393360137939453125e-04
7.345676422119140625e-04
8.668899536132812500e-04
7.367134094238281250e-04
7.357597351074218750e-04
7.843971252441406250e-04
7.395744323730468750e-04
7.312297821044921875e-04
7.266998291015625000e-04
7.359981536865234375e-04
7.343292236328125000e-04
7.367134094238281250e-04
7.243156433105468750e-04
7.319450378417968750e-04
7.290840148925781250e-04
7.328987121582031250e-04
7.348060607910156250e-04
7.255077362060546875e-04
7.255077362060546875e-04
7.371902465820312500e-04
7.293224334716796875e-04
7.188320159912109375e-04
7.264614105224609375e-04
7.336139678955078125e-04
7.262229919433593750e-04
7.274150848388671875e-04
7.300376892089843750e-04
7.297992706298828125e-04
7.290840148925781250e-04
7.193088531494140625e-04
7.293224334716796875e-04
7.326602935791015625e-04
7.207393646240234375e-04
7.271766662597656250e-04
7.226467132568359375e-04
7.243156433105468750e-04
7.314682006835937500e-04
7.305145263671875000e-04
7.193088531494140625e-04
7.307529449462890625e-04
7.295608520507812500e-04
7.269382476806640625e-04
7.243156433105468750e-04
7.288455963134765625e-04
7.321834564208984375e-04
7.259845733642578125e-04
7.281303405761718750e-04
7.321834564208984375e-04
7.317066192626953125e-04
7.293224334716796875e-04
7.321834564208984375e-04
7.393360137939453125e-04
7.283687591552734375e-04
7.309913635253906250e-04
7.312297821044921875e-04
7.319450378417968750e-04
7.760524749755859375e-04
7.348060607910156250e-04
7.281303405761718750e-04
7.243156433105468750e-04
7.300376892089843750e-04
7.269382476806640625e-04
7.295608520507812500e-04
7.297992706298828125e-04
7.216930389404296875e-04
7.314682006835937500e-04
7.259845733642578125e-04
7.333755493164062500e-04
7.255077362060546875e-04
7.290840148925781250e-04
7.345676422119140625e-04
7.328987121582031250e-04
7.300376892089843750e-04
7.398128509521484375e-04
7.309913635253906250e-04
7.328987121582031250e-04
7.460117340087890625e-04
7.481575012207031250e-04
7.288455963134765625e-04
7.336139678955078125e-04
7.321834564208984375e-04
7.333755493164062500e-04
7.319450378417968750e-04
7.331371307373046875e-04
7.746219635009765625e-04
7.245540618896484375e-04
7.236003875732421875e-04
7.610321044921875000e-04
7.400512695312500000e-04
7.390975952148437500e-04
7.297992706298828125e-04
7.393360137939453125e-04
7.386207580566406250e-04
7.302761077880859375e-04
7.362365722656250000e-04
7.741451263427734375e-04
7.371902465820312500e-04
7.297992706298828125e-04
7.283687591552734375e-04
7.240772247314453125e-04
7.355213165283203125e-04
7.302761077880859375e-04
7.278919219970703125e-04
7.352828979492187500e-04
7.293224334716796875e-04
7.286071777343750000e-04
7.312297821044921875e-04
7.226467132568359375e-04
7.276535034179687500e-04
7.276535034179687500e-04
7.355213165283203125e-04
7.340908050537109375e-04
7.317066192626953125e-04
7.295608520507812500e-04
7.331371307373046875e-04
7.295608520507812500e-04
7.498264312744140625e-04
7.371902465820312500e-04
7.517337799072265625e-04
7.340908050537109375e-04
7.300376892089843750e-04
7.238388061523437500e-04
7.243156433105468750e-04
7.326602935791015625e-04
7.290840148925781250e-04
7.340908050537109375e-04
7.281303405761718750e-04
7.283687591552734375e-04
7.274150848388671875e-04
7.312297821044921875e-04
7.278919219970703125e-04
7.314682006835937500e-04
7.338523864746093750e-04
7.245540618896484375e-04
7.326602935791015625e-04
7.231235504150390625e-04
7.314682006835937500e-04
7.278919219970703125e-04
7.264614105224609375e-04
7.281303405761718750e-04
7.274150848388671875e-04
7.300376892089843750e-04
7.324218750000000000e-04
7.331371307373046875e-04
7.264614105224609375e-04
7.266998291015625000e-04
7.328987121582031250e-04
7.519721984863281250e-04
7.350444793701171875e-04
7.352828979492187500e-04
7.357597351074218750e-04
7.321834564208984375e-04
7.312297821044921875e-04
7.331371307373046875e-04
7.216930389404296875e-04
7.309913635253906250e-04
7.309913635253906250e-04
7.312297821044921875e-04
7.286071777343750000e-04
7.286071777343750000e-04
7.264614105224609375e-04
7.307529449462890625e-04
7.281303405761718750e-04
7.250308990478515625e-04
7.350444793701171875e-04
7.336139678955078125e-04
7.300376892089843750e-04
7.286071777343750000e-04
7.352828979492187500e-04
7.293224334716796875e-04
