3.819227218627929688e-03
3.289461135864257812e-03
3.300666809082031250e-03
3.286361694335937500e-03
3.247976303100585938e-03
3.274440765380859375e-03
3.251791000366210938e-03
3.266334533691406250e-03
3.241539001464843750e-03
3.269433975219726562e-03
3.260374069213867188e-03
3.294706344604492188e-03
3.242492675781250000e-03
3.304719924926757812e-03
3.278493881225585938e-03
3.283977508544921875e-03
3.245115280151367188e-03
3.248691558837890625e-03
3.291130065917968750e-03
3.252506256103515625e-03
3.314018249511718750e-03
3.264188766479492188e-03
3.247261047363281250e-03
3.333568572998046875e-03
3.250598907470703125e-03
3.290176391601562500e-03
3.307580947875976562e-03
3.262042999267578125e-03
3.281831741333007812e-03
3.282785415649414062e-03
3.781080245971679688e-03
3.282785415649414062e-03
3.246307373046875000e-03
3.350973129272460938e-03
3.241300582885742188e-03
3.247261047363281250e-03
3.250598907470703125e-03
3.287792205810546875e-03
3.249406814575195312e-03
3.294706344604492188e-03
3.251791000366210938e-03
3.235816955566406250e-03
3.284454345703125000e-03
3.286123275756835938e-03
3.242254257202148438e-03
3.242492675781250000e-03
3.240346908569335938e-03
3.256320953369140625e-03
3.253221511840820312e-03
3.248453140258789062e-03
3.254413604736328125e-03
3.297328948974609375e-03
3.241539001464843750e-03
3.248453140258789062e-03
3.306150436401367188e-03
3.292083740234375000e-03
3.241062164306640625e-03
3.279209136962890625e-03
3.300428390502929688e-03
3.242969512939453125e-03
3.246784210205078125e-03
3.242254257202148438e-03
3.253698348999023438e-03
3.262042999267578125e-03
3.283739089965820312e-03
3.281593322753906250e-03
3.282785415649414062e-03
3.234863281250000000e-03
3.240585327148437500e-03
3.265857696533203125e-03
3.248214721679687500e-03
3.243684768676757812e-03
3.323554992675781250e-03
3.311157226562500000e-03
3.291368484497070312e-03
3.242492675781250000e-03
3.305435180664062500e-03
3.273248672485351562e-03
3.244638442993164062e-03
3.282546997070312500e-03
3.253698348999023438e-03
3.237485885620117188e-03
3.319263458251953125e-03
3.278017044067382812e-03
3.284215927124023438e-03
3.285169601440429688e-03
3.280878067016601562e-03
3.241300582885742188e-03
3.483772277832031250e-03
3.296136856079101562e-03
3.243207931518554688e-03
3.425121307373046875e-03
3.285646438598632812e-03
3.248691558837890625e-03
3.247022628784179688e-03
3.252267837524414062e-03
3.239393234252929688e-03
3.303527832031250000e-03
3.245830535888671875e-03
3.247499465942382812e-03
3.289222717285156250e-03
3.293275833129882812e-03
3.245592117309570312e-03
3.288030624389648438e-03
3.248214721679687500e-03
3.242492675781250000e-03
3.254652023315429688e-03
3.291368484497070312e-03
3.246545791625976562e-03
3.265142440795898438e-03
3.288269042968750000e-03
3.280162811279296875e-03
3.273010253906250000e-03
3.282546997070312500e-03
3.279209136962890625e-03
3.339290618896484375e-03
3.244638442993164062e-03
3.282308578491210938e-03
3.297567367553710938e-03
3.312349319458007812e-03
3.252744674682617188e-03
3.282546997070312500e-03
3.247737884521484375e-03
3.287076950073242188e-03
3.246545791625976562e-03
3.287076950073242188e-03
3.301620483398437500e-03
3.277778625488281250e-03
3.290414810180664062e-03
3.242015838623046875e-03
3.242492675781250000e-03
3.252029418945312500e-03
3.240823745727539062e-03
3.278493881225585938e-03
3.276824951171875000e-03
3.235101699829101562e-03
3.245353698730468750e-03
3.287315368652343750e-03
3.243684768676757812e-03
3.273963928222656250e-03
3.292083740234375000e-03
3.245353698730468750e-03
3.240108489990234375e-03
3.260135650634765625e-03
3.244161605834960938e-03
3.294467926025390625e-03
3.308534622192382812e-03
3.245115280151367188e-03
3.286123275756835938e-03
3.277301788330078125e-03
3.257989883422851562e-03
3.314495086669921875e-03
3.310441970825195312e-03
3.248929977416992188e-03
3.250360488891601562e-03
3.246068954467773438e-03
3.289699554443359375e-03
3.278732299804687500e-03
3.238201141357421875e-03
3.331422805786132812e-03
3.281116485595703125e-03
3.297090530395507812e-03
3.240585327148437500e-03
3.247261047363281250e-03
3.241777420043945312e-03
3.263235092163085938e-03
3.301382064819335938e-03
3.242254257202148438e-03
3.276586532592773438e-03
3.288030624389648438e-03
3.307819366455078125e-03
3.235816955566406250e-03
3.279447555541992188e-03
3.343820571899414062e-03
3.293752670288085938e-03
3.242492675781250000e-03
3.275632858276367188e-03
3.304243087768554688e-03
3.240585327148437500e-03
3.240585327148437500e-03
3.261327743530273438e-03
3.288745880126953125e-03
3.277301788330078125e-03
3.251314163208007812e-03
3.280878067016601562e-03
3.242254257202148438e-03
3.278970718383789062e-03
3.244876861572265625e-03
3.253221511840820312e-03
3.289461135864257812e-03
3.244876861572265625e-03
3.276824951171875000e-03
3.280162811279296875e-03
3.292560577392578125e-03
3.292560577392578125e-03
3.254890441894531250e-03
3.260850906372070312e-03
3.239870071411132812e-03
3.243684768676757812e-03
3.252744674682617188e-03
4.146099090576171875e-03
2.907276153564453125e-03
2.836942672729492188e-03
3.564357757568359375e-03
2.918243408203125000e-03
2.552509307861328125e-03
3.257036209106445312e-03
3.843545913696289062e-03
2.934217453002929688e-03
3.146409988403320312e-03
3.622293472290039062e-03
2.717733383178710938e-03
3.314018249511718750e-03
3.443479537963867188e-03
3.468036651611328125e-03
3.658294677734375000e-03
3.437757492065429688e-03
4.051685333251953125e-03
2.317667007446289062e-03
2.560615539550781250e-03
3.077983856201171875e-03
2.372980117797851562e-03
2.779722213745117188e-03
2.543449401855468750e-03
2.432823181152343750e-03
3.139495849609375000e-03
2.812147140502929688e-03
2.479553222656250000e-03
2.569198608398437500e-03
2.846717834472656250e-03
2.368688583374023438e-03
2.330303192138671875e-03
2.688407897949218750e-03
2.829074859619140625e-03
2.918004989624023438e-03
3.280639648437500000e-03
3.372669219970703125e-03
3.224134445190429688e-03
3.144025802612304688e-03
2.752304077148437500e-03
2.043962478637695312e-03
2.679347991943359375e-03
2.897977828979492188e-03
2.708911895751953125e-03
2.134084701538085938e-03
2.687692642211914062e-03
2.592563629150390625e-03
2.244949340820312500e-03
2.462387084960937500e-03
2.645730972290039062e-03
2.471685409545898438e-03
2.679109573364257812e-03
2.636194229125976562e-03
2.672433853149414062e-03
3.162622451782226562e-03
3.324985504150390625e-03
2.923965454101562500e-03
2.981901168823242188e-03
2.399682998657226562e-03
3.030300140380859375e-03
3.117322921752929688e-03
2.928972244262695312e-03
2.744674682617187500e-03
2.843379974365234375e-03
2.886056900024414062e-03
2.551794052124023438e-03
2.405643463134765625e-03
2.604007720947265625e-03
2.231597900390625000e-03
2.830266952514648438e-03
2.472877502441406250e-03
2.490520477294921875e-03
2.596378326416015625e-03
2.486944198608398438e-03
2.551555633544921875e-03
2.759933471679687500e-03
3.058195114135742188e-03
2.469778060913085938e-03
3.025054931640625000e-03
2.033472061157226562e-03
2.985000610351562500e-03
3.070831298828125000e-03
2.840042114257812500e-03
3.339767456054687500e-03
2.909183502197265625e-03
2.527475357055664062e-03
2.143859863281250000e-03
2.594232559204101562e-03
2.176523208618164062e-03
2.938747406005859375e-03
2.579689025878906250e-03
2.284288406372070312e-03
2.011775970458984375e-03
2.413034439086914062e-03
2.192497253417968750e-03
1.912355422973632812e-03
2.252340316772460938e-03
2.686738967895507812e-03
2.736568450927734375e-03
2.336740493774414062e-03
2.299547195434570312e-03
2.414941787719726562e-03
2.305984497070312500e-03
3.023624420166015625e-03
3.108501434326171875e-03
3.147840499877929688e-03
3.016233444213867188e-03
2.525568008422851562e-03
2.712488174438476562e-03
2.396106719970703125e-03
2.586841583251953125e-03
2.400398254394531250e-03
4.040002822875976562e-03
2.774953842163085938e-03
2.190113067626953125e-03
1.745462417602539062e-03
3.052473068237304688e-03
2.631187438964843750e-03
2.359628677368164062e-03
2.347707748413085938e-03
1.876115798950195312e-03
2.151012420654296875e-03
2.572059631347656250e-03
2.426385879516601562e-03
3.036975860595703125e-03
3.177404403686523438e-03
3.299951553344726562e-03
3.259658813476562500e-03
3.275156021118164062e-03
2.704143524169921875e-03
2.961874008178710938e-03
2.531051635742187500e-03
2.232313156127929688e-03
2.545118331909179688e-03
2.598047256469726562e-03
2.068042755126953125e-03
2.637386322021484375e-03
3.000259399414062500e-03
1.579046249389648438e-03
2.588510513305664062e-03
2.935886383056640625e-03
1.924753189086914062e-03
2.444505691528320312e-03
2.596855163574218750e-03
3.411769866943359375e-03
3.297328948974609375e-03
3.295660018920898438e-03
3.171682357788085938e-03
3.075361251831054688e-03
2.238512039184570312e-03
2.463102340698242188e-03
3.193616867065429688e-03
2.793312072753906250e-03
2.417802810668945312e-03
2.618074417114257812e-03
2.667188644409179688e-03
2.412557601928710938e-03
2.686262130737304688e-03
2.614974975585937500e-03
2.011537551879882812e-03
2.464532852172851562e-03
2.706050872802734375e-03
3.152608871459960938e-03
3.323316574096679688e-03
3.284454345703125000e-03
2.911329269409179688e-03
2.547502517700195312e-03
2.400398254394531250e-03
2.600193023681640625e-03
3.009557723999023438e-03
2.845048904418945312e-03
3.332853317260742188e-03
3.342390060424804688e-03
2.521276473999023438e-03
2.686023712158203125e-03
3.024101257324218750e-03
2.410173416137695312e-03
2.762317657470703125e-03
2.742767333984375000e-03
3.028154373168945312e-03
2.828359603881835938e-03
2.639293670654296875e-03
3.141403198242187500e-03
2.527713775634765625e-03
2.907037734985351562e-03
3.149986267089843750e-03
3.051042556762695312e-03
2.389907836914062500e-03
3.156900405883789062e-03
2.720832824707031250e-03
2.589464187622070312e-03
3.285408020019531250e-03
3.304243087768554688e-03
3.262519836425781250e-03
3.153085708618164062e-03
2.814531326293945312e-03
3.285408020019531250e-03
2.824544906616210938e-03
2.110481262207031250e-03
3.125667572021484375e-03
5.053281784057617188e-03
2.717256546020507812e-03
2.322673797607421875e-03
2.839088439941406250e-03
2.079725265502929688e-03
2.638816833496093750e-03
2.478599548339843750e-03
2.190828323364257812e-03
1.713514328002929688e-03
2.284288406372070312e-03
1.850843429565429688e-03
2.241611480712890625e-03
2.913236618041992188e-03
2.230644226074218750e-03
2.637624740600585938e-03
2.662658691406250000e-03
2.958774566650390625e-03
2.426385879516601562e-03
1.808166503906250000e-03
2.528429031372070312e-03
3.320455551147460938e-03
2.847433090209960938e-03
3.226041793823242188e-03
2.396821975708007812e-03
2.886772155761718750e-03
2.357006072998046875e-03
1.803636550903320312e-03
2.227544784545898438e-03
2.287626266479492188e-03
2.812623977661132812e-03
2.047061920166015625e-03
2.924203872680664062e-03
2.820730209350585938e-03
2.740144729614257812e-03
2.541065216064453125e-03
2.871990203857421875e-03
2.494335174560546875e-03
3.076553344726562500e-03
2.325057983398437500e-03
2.759218215942382812e-03
2.398252487182617188e-03
2.460241317749023438e-03
2.747535705566406250e-03
2.520084381103515625e-03
1.908063888549804688e-03
2.170324325561523438e-03
2.595424652099609375e-03
3.093719482421875000e-03
2.864122390747070312e-03
2.542257308959960938e-03
3.196954727172851562e-03
2.700805664062500000e-03
3.007888793945312500e-03
3.149032592773437500e-03
2.755403518676757812e-03
2.710342407226562500e-03
3.136157989501953125e-03
3.072261810302734375e-03
2.736330032348632812e-03
2.340078353881835938e-03
2.674818038940429688e-03
2.653598785400390625e-03
2.177238464355468750e-03
2.456426620483398438e-03
2.112865447998046875e-03
2.237796783447265625e-03
1.992464065551757812e-03
2.079963684082031250e-03
2.285718917846679688e-03
2.454519271850585938e-03
3.125429153442382812e-03
2.285242080688476562e-03
2.398967742919921875e-03
2.690553665161132812e-03
2.786397933959960938e-03
2.777338027954101562e-03
2.684354782104492188e-03
2.412319183349609375e-03
2.718925476074218750e-03
2.965450286865234375e-03
2.903938293457031250e-03
2.873182296752929688e-03
3.125905990600585938e-03
2.772331237792968750e-03
2.445697784423828125e-03
2.222299575805664062e-03
2.457618713378906250e-03
2.279758453369140625e-03
2.330780029296875000e-03
2.169132232666015625e-03
2.532720565795898438e-03
2.215862274169921875e-03
2.784490585327148438e-03
2.784967422485351562e-03
2.395153045654296875e-03
2.741098403930664062e-03
2.636194229125976562e-03
2.658367156982421875e-03
3.025531768798828125e-03
2.771377563476562500e-03
2.577066421508789062e-03
2.211093902587890625e-03
2.764463424682617188e-03
2.458572387695312500e-03
2.281188964843750000e-03
3.004789352416992188e-03
2.629280090332031250e-03
3.043889999389648438e-03
2.768039703369140625e-03
2.542257308959960938e-03
3.005027770996093750e-03
3.103494644165039062e-03
3.290176391601562500e-03
2.784013748168945312e-03
2.789258956909179688e-03
2.516269683837890625e-03
3.011941909790039062e-03
2.594232559204101562e-03
2.112627029418945312e-03
3.056526184082031250e-03
2.395153045654296875e-03
1.898527145385742188e-03
2.036809921264648438e-03
2.338409423828125000e-03
2.397060394287109375e-03
2.052307128906250000e-03
2.102375030517578125e-03
2.662658691406250000e-03
2.581119537353515625e-03
2.479076385498046875e-03
3.142833709716796875e-03
3.037929534912109375e-03
2.540826797485351562e-03
3.293514251708984375e-03
3.290176391601562500e-03
3.231763839721679688e-03
3.235816955566406250e-03
3.117322921752929688e-03
2.392053604125976562e-03
2.392530441284179688e-03
2.694606781005859375e-03
2.336978912353515625e-03
2.519845962524414062e-03
2.334833145141601562e-03
2.604007720947265625e-03
1.952409744262695312e-03
2.602100372314453125e-03
2.661705017089843750e-03
2.329826354980468750e-03
2.601861953735351562e-03
2.620458602905273438e-03
2.653598785400390625e-03
3.002405166625976562e-03
2.807617187500000000e-03
3.205299377441406250e-03
3.024339675903320312e-03
3.798723220825195312e-03
3.334283828735351562e-03
3.333568572998046875e-03
3.206014633178710938e-03
2.287864685058593750e-03
3.107547760009765625e-03
3.145456314086914062e-03
2.723455429077148438e-03
2.657651901245117188e-03
3.030300140380859375e-03
2.413034439086914062e-03
2.516984939575195312e-03
2.866029739379882812e-03
3.026247024536132812e-03
2.976179122924804688e-03
2.410650253295898438e-03
2.161741256713867188e-03
2.785921096801757812e-03
3.221750259399414062e-03
2.884864807128906250e-03
3.180980682373046875e-03
2.807140350341796875e-03
2.510786056518554688e-03
2.341985702514648438e-03
2.790927886962890625e-03
2.274513244628906250e-03
2.392768859863281250e-03
2.727508544921875000e-03
2.592086791992187500e-03
2.657413482666015625e-03
2.937078475952148438e-03
2.633571624755859375e-03
2.718448638916015625e-03
2.457380294799804688e-03
2.224922180175781250e-03
2.391338348388671875e-03
2.166986465454101562e-03
2.886772155761718750e-03
2.902507781982421875e-03
2.747535705566406250e-03
3.002166748046875000e-03
3.033638000488281250e-03
2.221584320068359375e-03
1.751899719238281250e-03
4.627943038940429688e-03
2.822160720825195312e-03
3.116369247436523438e-03
2.365827560424804688e-03
3.037929534912109375e-03
2.253055572509765625e-03
2.485990524291992188e-03
2.242565155029296875e-03
3.239393234252929688e-03
3.026485443115234375e-03
2.969026565551757812e-03
3.431797027587890625e-03
2.321243286132812500e-03
2.540826797485351562e-03
2.533674240112304688e-03
2.469301223754882812e-03
2.286911010742187500e-03
2.380132675170898438e-03
2.658605575561523438e-03
2.353906631469726562e-03
2.598285675048828125e-03
2.348184585571289062e-03
2.473115921020507812e-03
3.092288970947265625e-03
3.068208694458007812e-03
2.405405044555664062e-03
3.216981887817382812e-03
3.254890441894531250e-03
2.824544906616210938e-03
3.225564956665039062e-03
2.748727798461914062e-03
2.793073654174804688e-03
2.715110778808593750e-03
2.190113067626953125e-03
2.256631851196289062e-03
2.811908721923828125e-03
2.120971679687500000e-03
2.159357070922851562e-03
2.142190933227539062e-03
1.929521560668945312e-03
2.059459686279296875e-03
2.378225326538085938e-03
2.391338348388671875e-03
2.394914627075195312e-03
2.680301666259765625e-03
3.094434738159179688e-03
2.426862716674804688e-03
2.706766128540039062e-03
3.071546554565429688e-03
2.340793609619140625e-03
3.076553344726562500e-03
2.532482147216796875e-03
2.472639083862304688e-03
2.337217330932617188e-03
2.583265304565429688e-03
2.978563308715820312e-03
1.850843429565429688e-03
1.963138580322265625e-03
2.172946929931640625e-03
2.437591552734375000e-03
2.128124237060546875e-03
2.597332000732421875e-03
2.456426620483398438e-03
2.053737640380859375e-03
2.733707427978515625e-03
2.584457397460937500e-03
2.530574798583984375e-03
2.676486968994140625e-03
2.410888671875000000e-03
1.799583435058593750e-03
2.272844314575195312e-03
3.249645233154296875e-03
3.042697906494140625e-03
2.536773681640625000e-03
2.632141113281250000e-03
2.977609634399414062e-03
2.525806427001953125e-03
2.394199371337890625e-03
2.402305603027343750e-03
2.672910690307617188e-03
2.297878265380859375e-03
2.969264984130859375e-03
2.465724945068359375e-03
2.640008926391601562e-03
2.523422241210937500e-03
2.203941345214843750e-03
1.934289932250976562e-03
2.295255661010742188e-03
2.299070358276367188e-03
2.802133560180664062e-03
3.139019012451171875e-03
3.034353256225585938e-03
2.706527709960937500e-03
2.160549163818359375e-03
3.044366836547851562e-03
2.627611160278320312e-03
2.784252166748046875e-03
2.473592758178710938e-03
2.747058868408203125e-03
2.794504165649414062e-03
2.227306365966796875e-03
3.146409988403320312e-03
2.341508865356445312e-03
2.345561981201171875e-03
2.110719680786132812e-03
2.234458923339843750e-03
2.109527587890625000e-03
2.470016479492187500e-03
2.527236938476562500e-03
2.343654632568359375e-03
2.060651779174804688e-03
2.585649490356445312e-03
1.899957656860351562e-03
2.940177917480468750e-03
2.872705459594726562e-03
2.231836318969726562e-03
2.588033676147460938e-03
2.305507659912109375e-03
2.731561660766601562e-03
2.340555191040039062e-03
2.172231674194335938e-03
2.469062805175781250e-03
2.286195755004882812e-03
2.197265625000000000e-03
2.587080001831054688e-03
2.786159515380859375e-03
2.404212951660156250e-03
2.213001251220703125e-03
3.146171569824218750e-03
2.225875854492187500e-03
2.926111221313476562e-03
2.705812454223632812e-03
2.717018127441406250e-03
2.274751663208007812e-03
2.416849136352539062e-03
2.790212631225585938e-03
2.731323242187500000e-03
2.769708633422851562e-03
3.077983856201171875e-03
2.520799636840820312e-03
2.165317535400390625e-03
2.110958099365234375e-03
2.469539642333984375e-03
2.616882324218750000e-03
1.623153686523437500e-03
2.776861190795898438e-03
3.100872039794921875e-03
3.145217895507812500e-03
2.902746200561523438e-03
3.261089324951171875e-03
2.766609191894531250e-03
3.216981887817382812e-03
2.916574478149414062e-03
2.880334854125976562e-03
3.252506256103515625e-03
2.781629562377929688e-03
2.741813659667968750e-03
3.212928771972656250e-03
2.458333969116210938e-03
2.722978591918945312e-03
4.739761352539062500e-03
2.408742904663085938e-03
1.962184906005859375e-03
2.659082412719726562e-03
2.526998519897460938e-03
3.006935119628906250e-03
3.026962280273437500e-03
2.855777740478515625e-03
2.746343612670898438e-03
2.851009368896484375e-03
3.251791000366210938e-03
2.813577651977539062e-03
3.214836120605468750e-03
2.809524536132812500e-03
3.129482269287109375e-03
2.769708633422851562e-03
2.876281738281250000e-03
3.121376037597656250e-03
4.688024520874023438e-03
2.102136611938476562e-03
3.020048141479492188e-03
2.720355987548828125e-03
2.109766006469726562e-03
2.045869827270507812e-03
2.515554428100585938e-03
2.341032028198242188e-03
2.889156341552734375e-03
3.030538558959960938e-03
2.719163894653320312e-03
3.852128982543945312e-03
3.169536590576171875e-03
2.778053283691406250e-03
2.728462219238281250e-03
2.769231796264648438e-03
2.842903137207031250e-03
2.759456634521484375e-03
2.543926239013671875e-03
2.928018569946289062e-03
3.240108489990234375e-03
3.057956695556640625e-03
4.362106323242187500e-03
3.782749176025390625e-03
2.191066741943359375e-03
3.012418746948242188e-03
2.795457839965820312e-03
2.053976058959960938e-03
2.262115478515625000e-03
2.810478210449218750e-03
2.245187759399414062e-03
2.398014068603515625e-03
2.827405929565429688e-03
3.280639648437500000e-03
2.532720565795898438e-03
2.731084823608398438e-03
3.130912780761718750e-03
2.872705459594726562e-03
2.844095230102539062e-03
3.224134445190429688e-03
2.864599227905273438e-03
2.815246582031250000e-03
2.762794494628906250e-03
2.184152603149414062e-03
1.954555511474609375e-03
2.660274505615234375e-03
2.346515655517578125e-03
2.185106277465820312e-03
2.470254898071289062e-03
1.770496368408203125e-03
2.151250839233398438e-03
2.584934234619140625e-03
2.825021743774414062e-03
2.856731414794921875e-03
3.673553466796875000e-03
3.294944763183593750e-03
3.227949142456054688e-03
3.324270248413085938e-03
3.320455551147460938e-03
3.227233886718750000e-03
2.764940261840820312e-03
2.365112304687500000e-03
2.345561981201171875e-03
2.297163009643554688e-03
2.059221267700195312e-03
2.672433853149414062e-03
2.733469009399414062e-03
1.598358154296875000e-03
2.247333526611328125e-03
2.073526382446289062e-03
1.814842224121093750e-03
2.071619033813476562e-03
2.718925476074218750e-03
2.398014068603515625e-03
2.798557281494140625e-03
3.203153610229492188e-03
3.271102905273437500e-03
2.911329269409179688e-03
3.297090530395507812e-03
2.953767776489257812e-03
3.108263015747070312e-03
2.817153930664062500e-03
3.181934356689453125e-03
2.336502075195312500e-03
3.018140792846679688e-03
2.628803253173828125e-03
2.363443374633789062e-03
2.425909042358398438e-03
2.536773681640625000e-03
2.655982971191406250e-03
2.174615859985351562e-03
2.240180969238281250e-03
2.064466476440429688e-03
1.963853836059570312e-03
2.122879028320312500e-03
2.883434295654296875e-03
2.472877502441406250e-03
2.602577209472656250e-03
3.285408020019531250e-03
3.159284591674804688e-03
3.216981887817382812e-03
3.285408020019531250e-03
2.830505371093750000e-03
2.947092056274414062e-03
2.450942993164062500e-03
3.034114837646484375e-03
2.340555191040039062e-03
2.808570861816406250e-03
3.309965133666992188e-03
2.455949783325195312e-03
2.839565277099609375e-03
2.998828887939453125e-03
2.465248107910156250e-03
2.063989639282226562e-03
2.228021621704101562e-03
2.323627471923828125e-03
2.122879028320312500e-03
1.960277557373046875e-03
2.270936965942382812e-03
2.765893936157226562e-03
2.196311950683593750e-03
3.159761428833007812e-03
2.759933471679687500e-03
2.423286437988281250e-03
2.292633056640625000e-03
2.948522567749023438e-03
1.965522766113281250e-03
2.679824829101562500e-03
2.649545669555664062e-03
2.600193023681640625e-03
2.240419387817382812e-03
2.132415771484375000e-03
2.290487289428710938e-03
2.746343612670898438e-03
1.578807830810546875e-03
2.303361892700195312e-03
2.076864242553710938e-03
2.500772476196289062e-03
2.933979034423828125e-03
3.128051757812500000e-03
3.090381622314453125e-03
2.537250518798828125e-03
3.020763397216796875e-03
2.632856369018554688e-03
3.154516220092773438e-03
2.774238586425781250e-03
3.193378448486328125e-03
2.550363540649414062e-03
2.463340759277343750e-03
2.130985260009765625e-03
2.493143081665039062e-03
2.063989639282226562e-03
2.072334289550781250e-03
1.744508743286132812e-03
2.524614334106445312e-03
2.214670181274414062e-03
2.228260040283203125e-03
2.471446990966796875e-03
2.691030502319335938e-03
2.757072448730468750e-03
2.234458923339843750e-03
2.713441848754882812e-03
2.483606338500976562e-03
2.535581588745117188e-03
2.895832061767578125e-03
2.736806869506835938e-03
2.531528472900390625e-03
2.402305603027343750e-03
2.490043640136718750e-03
2.296924591064453125e-03
2.697229385375976562e-03
2.590656280517578125e-03
2.357721328735351562e-03
2.658605575561523438e-03
2.608299255371093750e-03
2.240419387817382812e-03
1.602411270141601562e-03
2.774477005004882812e-03
3.020286560058593750e-03
2.958774566650390625e-03
3.072738647460937500e-03
2.727508544921875000e-03
2.786397933959960938e-03
2.802371978759765625e-03
2.644300460815429688e-03
2.532482147216796875e-03
2.011775970458984375e-03
2.416133880615234375e-03
2.458572387695312500e-03
2.403974533081054688e-03
2.742052078247070312e-03
2.119064331054687500e-03
2.299308776855468750e-03
2.123832702636718750e-03
1.708507537841796875e-03
2.379417419433593750e-03
2.982139587402343750e-03
2.299070358276367188e-03
3.076553344726562500e-03
2.130031585693359375e-03
2.336263656616210938e-03
3.010749816894531250e-03
3.195285797119140625e-03
2.469301223754882812e-03
3.108263015747070312e-03
2.656936645507812500e-03
2.721548080444335938e-03
2.365827560424804688e-03
2.421855926513671875e-03
4.367589950561523438e-03
2.411842346191406250e-03
2.004861831665039062e-03
2.531528472900390625e-03
2.218961715698242188e-03
2.004623413085937500e-03
2.197980880737304688e-03
2.707481384277343750e-03
2.336978912353515625e-03
2.782106399536132812e-03
3.141403198242187500e-03
2.832889556884765625e-03
2.738714218139648438e-03
5.460500717163085938e-03
2.403259277343750000e-03
2.385854721069335938e-03
2.699375152587890625e-03
2.814531326293945312e-03
3.217458724975585938e-03
2.740859985351562500e-03
3.306388854980468750e-03
2.910852432250976562e-03
2.463102340698242188e-03
2.656698226928710938e-03
2.764225006103515625e-03
3.072500228881835938e-03
2.120018005371093750e-03
2.595186233520507812e-03
2.510070800781250000e-03
2.534627914428710938e-03
2.820253372192382812e-03
2.725362777709960938e-03
2.193212509155273438e-03
3.234863281250000000e-03
2.343416213989257812e-03
2.795457839965820312e-03
2.747535705566406250e-03
2.656459808349609375e-03
2.628326416015625000e-03
3.094673156738281250e-03
2.865314483642578125e-03
2.729415893554687500e-03
3.248691558837890625e-03
2.746582031250000000e-03
3.184318542480468750e-03
2.340555191040039062e-03
2.060174942016601562e-03
2.775669097900390625e-03
2.418994903564453125e-03
1.964330673217773438e-03
2.209663391113281250e-03
3.246784210205078125e-03
2.753019332885742188e-03
3.250837326049804688e-03
2.762317657470703125e-03
2.789020538330078125e-03
2.414226531982421875e-03
2.466678619384765625e-03
2.279758453369140625e-03
2.642869949340820312e-03
2.688884735107421875e-03
3.203868865966796875e-03
3.125190734863281250e-03
2.734184265136718750e-03
2.586126327514648438e-03
2.344608306884765625e-03
2.332925796508789062e-03
2.279758453369140625e-03
2.213954925537109375e-03
2.356529235839843750e-03
2.924442291259765625e-03
2.687215805053710938e-03
2.754926681518554688e-03
2.677202224731445312e-03
3.112316131591796875e-03
2.399682998657226562e-03
1.848459243774414062e-03
2.164840698242187500e-03
2.847194671630859375e-03
2.017498016357421875e-03
2.056121826171875000e-03
2.790927886962890625e-03
2.170324325561523438e-03
2.276659011840820312e-03
2.430677413940429688e-03
2.115249633789062500e-03
2.238512039184570312e-03
2.652168273925781250e-03
3.194570541381835938e-03
3.139972686767578125e-03
2.790451049804687500e-03
2.782106399536132812e-03
2.732038497924804688e-03
2.673864364624023438e-03
2.404451370239257812e-03
2.330064773559570312e-03
2.454996109008789062e-03
2.627611160278320312e-03
2.460479736328125000e-03
2.576828002929687500e-03
2.571582794189453125e-03
2.871274948120117188e-03
2.595186233520507812e-03
2.225399017333984375e-03
2.160310745239257812e-03
2.980470657348632812e-03
2.065658569335937500e-03
2.348423004150390625e-03
3.330945968627929688e-03
3.243923187255859375e-03
3.168106079101562500e-03
3.068208694458007812e-03
2.684354782104492188e-03
2.394914627075195312e-03
2.978324890136718750e-03
2.214670181274414062e-03
2.339124679565429688e-03
3.051280975341796875e-03
2.389907836914062500e-03
2.047300338745117188e-03
3.037929534912109375e-03
2.110242843627929688e-03
3.108024597167968750e-03
2.532482147216796875e-03
3.220319747924804688e-03
3.137588500976562500e-03
3.070831298828125000e-03
3.207921981811523438e-03
3.364324569702148438e-03
2.905368804931640625e-03
3.313302993774414062e-03
2.543210983276367188e-03
2.810239791870117188e-03
2.304792404174804688e-03
2.413749694824218750e-03
2.329349517822265625e-03
1.995325088500976562e-03
2.270221710205078125e-03
2.271175384521484375e-03
2.153635025024414062e-03
2.346992492675781250e-03
2.205848693847656250e-03
2.387523651123046875e-03
3.177881240844726562e-03
2.056360244750976562e-03
3.114461898803710938e-03
2.457857131958007812e-03
3.263473510742187500e-03
3.604412078857421875e-03
2.468347549438476562e-03
3.097295761108398438e-03
2.820491790771484375e-03
2.238750457763671875e-03
2.743721008300781250e-03
2.475023269653320312e-03
2.909421920776367188e-03
2.757310867309570312e-03
2.053022384643554688e-03
2.317190170288085938e-03
1.998662948608398438e-03
2.099990844726562500e-03
1.967906951904296875e-03
2.117395401000976562e-03
2.610683441162109375e-03
2.569675445556640625e-03
2.205610275268554688e-03
2.982378005981445312e-03
2.413988113403320312e-03
2.822399139404296875e-03
2.677679061889648438e-03
2.926349639892578125e-03
2.537488937377929688e-03
2.458572387695312500e-03
2.407073974609375000e-03
2.342700958251953125e-03
2.387523651123046875e-03
2.595901489257812500e-03
2.710342407226562500e-03
2.451419830322265625e-03
2.361536026000976562e-03
3.057241439819335938e-03
2.665281295776367188e-03
2.136707305908203125e-03
2.332448959350585938e-03
2.575397491455078125e-03
2.590179443359375000e-03
2.663850784301757812e-03
2.719163894653320312e-03
3.032207489013671875e-03
2.620697021484375000e-03
2.218961715698242188e-03
2.903461456298828125e-03
2.455472946166992188e-03
2.060651779174804688e-03
2.059221267700195312e-03
2.329111099243164062e-03
2.023696899414062500e-03
2.872943878173828125e-03
2.462625503540039062e-03
3.083467483520507812e-03
2.689838409423828125e-03
2.799749374389648438e-03
2.393007278442382812e-03
2.573728561401367188e-03
2.916097640991210938e-03
2.107381820678710938e-03
2.065658569335937500e-03
2.580881118774414062e-03
3.095388412475585938e-03
1.812219619750976562e-03
3.050088882446289062e-03
2.341985702514648438e-03
2.549171447753906250e-03
4.681587219238281250e-03
2.937793731689453125e-03
2.831220626831054688e-03
3.045797348022460938e-03
2.631902694702148438e-03
2.361774444580078125e-03
2.041816711425781250e-03
2.352714538574218750e-03
2.240657806396484375e-03
2.599716186523437500e-03
2.796888351440429688e-03
2.560615539550781250e-03
2.670526504516601562e-03
2.911567687988281250e-03
2.660274505615234375e-03
2.412796020507812500e-03
2.475738525390625000e-03
2.118825912475585938e-03
2.005577087402343750e-03
2.472639083862304688e-03
3.019571304321289062e-03
2.717018127441406250e-03
2.829313278198242188e-03
3.056287765502929688e-03
2.747058868408203125e-03
2.811670303344726562e-03
2.348661422729492188e-03
2.624273300170898438e-03
2.227306365966796875e-03
2.584218978881835938e-03
2.546310424804687500e-03
2.932786941528320312e-03
2.775669097900390625e-03
3.014326095581054688e-03
2.406835556030273438e-03
2.787113189697265625e-03
2.714633941650390625e-03
2.584218978881835938e-03
2.817869186401367188e-03
2.096414566040039062e-03
2.910375595092773438e-03
2.765417098999023438e-03
2.281188964843750000e-03
3.030061721801757812e-03
2.349138259887695312e-03
2.680063247680664062e-03
2.305507659912109375e-03
2.596855163574218750e-03
2.984523773193359375e-03
2.600193023681640625e-03
2.689838409423828125e-03
2.764225006103515625e-03
2.812147140502929688e-03
3.055334091186523438e-03
2.939701080322265625e-03
2.604961395263671875e-03
2.765655517578125000e-03
2.760410308837890625e-03
2.710342407226562500e-03
3.350257873535156250e-03
2.853393554687500000e-03
2.470493316650390625e-03
3.082752227783203125e-03
3.123998641967773438e-03
2.800703048706054688e-03
2.515077590942382812e-03
3.245830535888671875e-03
2.472162246704101562e-03
3.180027008056640625e-03
2.496957778930664062e-03
2.406835556030273438e-03
2.665281295776367188e-03
2.378225326538085938e-03
2.118825912475585938e-03
2.582311630249023438e-03
2.469062805175781250e-03
1.958608627319335938e-03
2.456188201904296875e-03
2.741575241088867188e-03
2.630233764648437500e-03
2.386808395385742188e-03
3.076076507568359375e-03
4.191875457763671875e-03
2.402305603027343750e-03
2.335786819458007812e-03
3.120899200439453125e-03
2.749919891357421875e-03
2.660036087036132812e-03
2.367019653320312500e-03
2.897739410400390625e-03
2.589225769042968750e-03
2.421379089355468750e-03
3.060102462768554688e-03
2.623558044433593750e-03
2.681732177734375000e-03
2.716779708862304688e-03
2.018690109252929688e-03
2.246618270874023438e-03
2.525329589843750000e-03
2.306461334228515625e-03
2.650260925292968750e-03
2.583503723144531250e-03
2.524614334106445312e-03
2.178907394409179688e-03
2.585411071777343750e-03
2.277135848999023438e-03
2.758979797363281250e-03
2.365112304687500000e-03
2.682685852050781250e-03
2.585172653198242188e-03
2.278804779052734375e-03
2.445459365844726562e-03
3.128051757812500000e-03
2.276420593261718750e-03
3.139972686767578125e-03
2.772808074951171875e-03
1.851320266723632812e-03
3.059625625610351562e-03
2.654790878295898438e-03
2.288579940795898438e-03
2.689123153686523438e-03
2.526521682739257812e-03
2.061843872070312500e-03
3.189086914062500000e-03
2.725362777709960938e-03
2.750635147094726562e-03
2.753257751464843750e-03
2.818107604980468750e-03
2.833127975463867188e-03
2.813339233398437500e-03
2.802133560180664062e-03
2.814531326293945312e-03
2.850770950317382812e-03
2.698659896850585938e-03
2.336978912353515625e-03
2.905130386352539062e-03
2.587080001831054688e-03
2.942323684692382812e-03
2.949476242065429688e-03
1.933097839355468750e-03
2.649784088134765625e-03
2.949476242065429688e-03
2.113580703735351562e-03
2.293586730957031250e-03
2.731800079345703125e-03
3.155946731567382812e-03
2.716541290283203125e-03
2.276420593261718750e-03
2.592802047729492188e-03
3.061056137084960938e-03
2.647161483764648438e-03
2.074718475341796875e-03
2.718448638916015625e-03
2.401113510131835938e-03
2.829074859619140625e-03
2.564907073974609375e-03
2.163887023925781250e-03
2.282619476318359375e-03
2.527236938476562500e-03
2.339601516723632812e-03
2.123832702636718750e-03
2.166271209716796875e-03
2.522230148315429688e-03
1.947402954101562500e-03
1.899242401123046875e-03
2.000331878662109375e-03
2.334833145141601562e-03
1.494169235229492188e-03
2.928018569946289062e-03
2.181768417358398438e-03
2.894639968872070312e-03
2.619504928588867188e-03
2.290964126586914062e-03
2.633094787597656250e-03
2.525329589843750000e-03
2.644062042236328125e-03
2.285718917846679688e-03
2.944469451904296875e-03
2.547502517700195312e-03
2.471446990966796875e-03
2.461194992065429688e-03
2.481937408447265625e-03
2.271413803100585938e-03
2.656936645507812500e-03
2.234935760498046875e-03
2.287864685058593750e-03
2.349853515625000000e-03
1.801013946533203125e-03
2.569437026977539062e-03
2.344608306884765625e-03
2.471923828125000000e-03
2.462148666381835938e-03
3.035545349121093750e-03
2.840042114257812500e-03
2.219676971435546875e-03
2.347946166992187500e-03
2.968549728393554688e-03
2.252101898193359375e-03
1.953840255737304688e-03
2.296209335327148438e-03
5.217313766479492188e-03
2.448797225952148438e-03
2.195358276367187500e-03
2.855062484741210938e-03
2.391815185546875000e-03
2.152919769287109375e-03
2.865314483642578125e-03
2.659559249877929688e-03
2.788543701171875000e-03
2.852916717529296875e-03
3.333568572998046875e-03
2.783298492431640625e-03
2.682924270629882812e-03
2.682924270629882812e-03
2.086877822875976562e-03
3.045320510864257812e-03
3.126382827758789062e-03
3.226041793823242188e-03
2.882957458496093750e-03
2.769947052001953125e-03
2.746582031250000000e-03
2.246856689453125000e-03
2.638816833496093750e-03
3.240823745727539062e-03
2.784490585327148438e-03
3.000020980834960938e-03
3.108024597167968750e-03
2.754211425781250000e-03
2.753019332885742188e-03
2.469778060913085938e-03
2.849817276000976562e-03
3.259181976318359375e-03
3.147363662719726562e-03
2.464771270751953125e-03
2.346992492675781250e-03
2.128839492797851562e-03
3.202199935913085938e-03
2.712488174438476562e-03
2.417564392089843750e-03
2.669095993041992188e-03
2.592086791992187500e-03
2.418756484985351562e-03
2.868413925170898438e-03
2.881288528442382812e-03
2.846479415893554688e-03
2.632379531860351562e-03
2.173662185668945312e-03
2.866983413696289062e-03
2.352714538574218750e-03
2.737283706665039062e-03
2.868413925170898438e-03
2.875089645385742188e-03
2.129793167114257812e-03
2.995729446411132812e-03
2.230405807495117188e-03
2.923011779785156250e-03
3.034591674804687500e-03
2.354383468627929688e-03
3.453254699707031250e-03
2.981901168823242188e-03
2.699613571166992188e-03
3.100156784057617188e-03
2.824544906616210938e-03
3.062248229980468750e-03
2.953767776489257812e-03
2.407073974609375000e-03
2.183437347412109375e-03
2.557516098022460938e-03
2.555847167968750000e-03
2.354145050048828125e-03
2.849340438842773438e-03
2.402782440185546875e-03
2.639055252075195312e-03
2.592325210571289062e-03
2.295255661010742188e-03
2.120256423950195312e-03
2.870798110961914062e-03
2.820491790771484375e-03
2.456665039062500000e-03
3.222942352294921875e-03
2.668857574462890625e-03
2.166271209716796875e-03
2.430677413940429688e-03
2.283811569213867188e-03
2.588987350463867188e-03
2.675533294677734375e-03
2.071619033813476562e-03
2.346277236938476562e-03
2.292633056640625000e-03
2.154588699340820312e-03
2.474546432495117188e-03
2.121686935424804688e-03
2.172470092773437500e-03
2.279281616210937500e-03
2.396583557128906250e-03
2.676963806152343750e-03
2.671480178833007812e-03
3.207683563232421875e-03
2.866983413696289062e-03
2.716779708862304688e-03
2.180576324462890625e-03
2.644062042236328125e-03
1.858234405517578125e-03
2.169132232666015625e-03
2.166986465454101562e-03
2.204656600952148438e-03
2.287864685058593750e-03
1.904010772705078125e-03
3.746032714843750000e-03
2.187252044677734375e-03
2.241373062133789062e-03
2.589702606201171875e-03
2.175569534301757812e-03
2.229928970336914062e-03
2.186536788940429688e-03
1.723289489746093750e-03
2.343177795410156250e-03
2.671003341674804688e-03
2.360582351684570312e-03
2.182245254516601562e-03
2.692699432373046875e-03
2.068519592285156250e-03
2.302885055541992188e-03
2.645969390869140625e-03
2.225875854492187500e-03
1.850366592407226562e-03
2.108573913574218750e-03
1.569032669067382812e-03
4.102945327758789062e-03
2.641439437866210938e-03
2.013206481933593750e-03
4.441261291503906250e-03
2.410888671875000000e-03
2.477169036865234375e-03
3.356933593750000000e-03
2.656698226928710938e-03
2.744913101196289062e-03
2.775430679321289062e-03
2.632617950439453125e-03
2.686262130737304688e-03
2.296447753906250000e-03
3.227233886718750000e-03
3.308057785034179688e-03
2.906560897827148438e-03
2.411127090454101562e-03
2.588748931884765625e-03
2.664089202880859375e-03
2.522706985473632812e-03
2.726793289184570312e-03
3.018856048583984375e-03
2.877950668334960938e-03
2.466440200805664062e-03
2.841949462890625000e-03
2.877473831176757812e-03
2.815008163452148438e-03
2.402305603027343750e-03
2.393484115600585938e-03
2.135276794433593750e-03
2.083778381347656250e-03
2.479314804077148438e-03
2.193450927734375000e-03
2.179384231567382812e-03
2.854585647583007812e-03
2.380371093750000000e-03
2.402305603027343750e-03
2.338409423828125000e-03
2.756834030151367188e-03
2.550125122070312500e-03
2.293348312377929688e-03
2.397298812866210938e-03
2.704858779907226562e-03
2.663373947143554688e-03
2.939701080322265625e-03
2.417325973510742188e-03
2.600193023681640625e-03
2.583742141723632812e-03
1.945734024047851562e-03
2.470970153808593750e-03
1.936674118041992188e-03
2.126932144165039062e-03
1.999139785766601562e-03
2.589464187622070312e-03
2.587795257568359375e-03
2.835750579833984375e-03
3.039836883544921875e-03
2.373695373535156250e-03
2.293109893798828125e-03
2.922773361206054688e-03
2.704620361328125000e-03
3.087282180786132812e-03
2.105236053466796875e-03
2.753019332885742188e-03
2.604961395263671875e-03
2.183914184570312500e-03
2.976417541503906250e-03
2.470016479492187500e-03
3.263473510742187500e-03
2.483367919921875000e-03
2.411365509033203125e-03
2.367258071899414062e-03
4.603385925292968750e-03
2.486944198608398438e-03
2.835750579833984375e-03
2.713918685913085938e-03
3.014802932739257812e-03
2.888441085815429688e-03
2.467393875122070312e-03
2.371549606323242188e-03
2.737283706665039062e-03
3.341197967529296875e-03
2.770662307739257812e-03
2.618551254272460938e-03
2.741336822509765625e-03
2.602338790893554688e-03
2.087354660034179688e-03
2.666950225830078125e-03
2.536773681640625000e-03
2.532005310058593750e-03
2.298116683959960938e-03
1.933097839355468750e-03
2.346277236938476562e-03
2.170801162719726562e-03
2.300977706909179688e-03
2.355575561523437500e-03
1.843452453613281250e-03
2.692937850952148438e-03
2.652645111083984375e-03
2.597332000732421875e-03
2.758502960205078125e-03
2.692461013793945312e-03
3.069639205932617188e-03
2.593278884887695312e-03
2.591133117675781250e-03
2.287387847900390625e-03
2.010583877563476562e-03
2.617359161376953125e-03
2.239227294921875000e-03
2.576828002929687500e-03
1.954078674316406250e-03
2.068758010864257812e-03
1.849174499511718750e-03
1.607179641723632812e-03
2.124547958374023438e-03
2.178430557250976562e-03
2.274751663208007812e-03
2.583980560302734375e-03
2.992391586303710938e-03
2.587556838989257812e-03
2.931833267211914062e-03
2.626180648803710938e-03
2.954244613647460938e-03
3.238677978515625000e-03
1.989364624023437500e-03
2.413272857666015625e-03
2.422094345092773438e-03
1.728534698486328125e-03
1.960992813110351562e-03
1.952409744262695312e-03
2.188444137573242188e-03
2.130508422851562500e-03
2.246141433715820312e-03
2.165794372558593750e-03
1.807928085327148438e-03
1.858472824096679688e-03
2.355575561523437500e-03
2.783536911010742188e-03
2.803087234497070312e-03
3.083705902099609375e-03
3.207683563232421875e-03
2.859592437744140625e-03
2.756357192993164062e-03
2.289772033691406250e-03
2.536535263061523438e-03
2.763509750366210938e-03
2.350568771362304688e-03
2.123832702636718750e-03
2.413988113403320312e-03
1.607179641723632812e-03
2.172708511352539062e-03
2.121448516845703125e-03
2.105474472045898438e-03
2.236604690551757812e-03
2.122402191162109375e-03
2.121210098266601562e-03
2.156496047973632812e-03
2.279520034790039062e-03
2.706766128540039062e-03
2.288579940795898438e-03
2.847433090209960938e-03
2.406597137451171875e-03
3.152370452880859375e-03
2.420425415039062500e-03
2.856016159057617188e-03
2.393960952758789062e-03
1.847267150878906250e-03
2.729654312133789062e-03
2.402544021606445312e-03
2.667188644409179688e-03
2.851963043212890625e-03
3.277778625488281250e-03
3.028631210327148438e-03
2.923965454101562500e-03
2.015352249145507812e-03
2.161502838134765625e-03
2.588748931884765625e-03
2.168893814086914062e-03
2.862691879272460938e-03
2.596855163574218750e-03
2.009868621826171875e-03
2.339601516723632812e-03
2.645254135131835938e-03
2.482414245605468750e-03
2.245903015136718750e-03
2.474308013916015625e-03
2.700567245483398438e-03
2.811908721923828125e-03
2.873182296752929688e-03
2.863168716430664062e-03
2.598762512207031250e-03
3.136634826660156250e-03
2.479791641235351562e-03
2.576589584350585938e-03
2.718448638916015625e-03
2.586603164672851562e-03
3.211975097656250000e-03
2.347230911254882812e-03
2.101182937622070312e-03
3.544330596923828125e-03
2.741336822509765625e-03
2.377271652221679688e-03
2.185344696044921875e-03
2.547502517700195312e-03
2.345323562622070312e-03
2.352476119995117188e-03
4.537582397460937500e-03
2.022504806518554688e-03
2.543687820434570312e-03
2.659797668457031250e-03
2.722263336181640625e-03
2.388954162597656250e-03
4.742145538330078125e-03
3.013372421264648438e-03
2.330064773559570312e-03
2.727985382080078125e-03
2.749204635620117188e-03
2.854824066162109375e-03
2.775192260742187500e-03
2.465724945068359375e-03
2.624034881591796875e-03
1.638650894165039062e-03
2.159833908081054688e-03
2.004623413085937500e-03
2.064704895019531250e-03
2.286672592163085938e-03
2.940177917480468750e-03
2.749919891357421875e-03
2.968549728393554688e-03
2.949953079223632812e-03
3.053188323974609375e-03
2.470493316650390625e-03
2.481698989868164062e-03
2.795696258544921875e-03
2.455472946166992188e-03
2.628087997436523438e-03
2.696275711059570312e-03
3.302097320556640625e-03
2.824306488037109375e-03
3.196001052856445312e-03
2.736806869506835938e-03
2.537250518798828125e-03
2.525329589843750000e-03
2.215623855590820312e-03
2.465009689331054688e-03
2.808094024658203125e-03
2.493381500244140625e-03
3.229141235351562500e-03
3.279685974121093750e-03
3.273487091064453125e-03
3.271818161010742188e-03
3.157615661621093750e-03
2.480745315551757812e-03
3.038167953491210938e-03
2.670049667358398438e-03
1.868486404418945312e-03
2.576589584350585938e-03
2.948284149169921875e-03
2.732753753662109375e-03
2.479314804077148438e-03
3.239870071411132812e-03
2.775907516479492188e-03
2.122163772583007812e-03
2.479791641235351562e-03
2.523183822631835938e-03
2.946376800537109375e-03
2.396345138549804688e-03
2.831935882568359375e-03
2.746820449829101562e-03
2.909660339355468750e-03
2.539634704589843750e-03
2.639055252075195312e-03
4.824399948120117188e-03
3.053665161132812500e-03
2.919197082519531250e-03
2.663373947143554688e-03
2.590179443359375000e-03
2.187490463256835938e-03
2.058744430541992188e-03
2.354621887207031250e-03
2.445697784423828125e-03
2.223253250122070312e-03
2.177000045776367188e-03
2.177715301513671875e-03
1.952886581420898438e-03
2.516984939575195312e-03
2.002716064453125000e-03
2.265930175781250000e-03
2.677202224731445312e-03
2.428293228149414062e-03
2.684354782104492188e-03
2.666473388671875000e-03
2.688169479370117188e-03
2.881288528442382812e-03
3.062248229980468750e-03
3.001689910888671875e-03
2.463340759277343750e-03
2.110242843627929688e-03
2.604246139526367188e-03
3.157377243041992188e-03
2.694368362426757812e-03
2.617359161376953125e-03
2.831459045410156250e-03
2.522230148315429688e-03
2.482175827026367188e-03
1.823425292968750000e-03
1.847743988037109375e-03
2.158164978027343750e-03
2.354621887207031250e-03
2.255916595458984375e-03
2.430677413940429688e-03
2.730846405029296875e-03
2.587080001831054688e-03
2.749681472778320312e-03
2.428531646728515625e-03
2.115964889526367188e-03
2.336502075195312500e-03
2.771615982055664062e-03
2.480030059814453125e-03
2.223014831542968750e-03
2.227544784545898438e-03
2.046346664428710938e-03
2.398729324340820312e-03
1.790523529052734375e-03
1.947879791259765625e-03
2.529621124267578125e-03
1.782655715942382812e-03
2.598524093627929688e-03
2.569913864135742188e-03
2.664804458618164062e-03
3.098726272583007812e-03
2.072572708129882812e-03
2.519845962524414062e-03
2.454519271850585938e-03
1.724004745483398438e-03
2.012252807617187500e-03
2.050876617431640625e-03
2.167701721191406250e-03
2.463579177856445312e-03
2.074956893920898438e-03
1.758337020874023438e-03
2.461910247802734375e-03
2.139091491699218750e-03
1.755237579345703125e-03
2.359628677368164062e-03
2.165794372558593750e-03
2.572774887084960938e-03
1.740694046020507812e-03
2.160310745239257812e-03
2.589941024780273438e-03
2.655506134033203125e-03
2.393484115600585938e-03
2.787828445434570312e-03
2.237796783447265625e-03
1.899957656860351562e-03
2.625226974487304688e-03
2.712965011596679688e-03
2.020835876464843750e-03
2.686977386474609375e-03
2.907276153564453125e-03
2.111911773681640625e-03
1.946687698364257812e-03
2.228021621704101562e-03
2.003669738769531250e-03
2.331495285034179688e-03
1.912593841552734375e-03
2.283811569213867188e-03
2.217769622802734375e-03
2.374172210693359375e-03
2.446889877319335938e-03
2.494573593139648438e-03
2.112150192260742188e-03
2.655982971191406250e-03
2.851247787475585938e-03
2.447605133056640625e-03
3.237724304199218750e-03
2.534627914428710938e-03
2.886772155761718750e-03
2.056121826171875000e-03
3.025293350219726562e-03
2.419233322143554688e-03
2.608776092529296875e-03
2.630710601806640625e-03
2.843379974365234375e-03
2.848386764526367188e-03
2.730131149291992188e-03
2.294540405273437500e-03
2.578973770141601562e-03
2.135753631591796875e-03
1.868486404418945312e-03
2.011060714721679688e-03
2.976655960083007812e-03
2.501487731933593750e-03
3.054380416870117188e-03
3.074407577514648438e-03
2.793312072753906250e-03
3.196716308593750000e-03
2.726316452026367188e-03
3.011941909790039062e-03
2.789020538330078125e-03
2.861738204956054688e-03
2.864360809326171875e-03
3.265857696533203125e-03
3.199338912963867188e-03
3.135442733764648438e-03
3.154993057250976562e-03
2.328872680664062500e-03
1.997709274291992188e-03
2.655506134033203125e-03
1.911401748657226562e-03
2.274036407470703125e-03
2.392053604125976562e-03
3.121614456176757812e-03
3.100395202636718750e-03
2.781391143798828125e-03
2.793788909912109375e-03
3.222227096557617188e-03
2.840995788574218750e-03
2.972602844238281250e-03
2.868890762329101562e-03
2.828836441040039062e-03
3.159046173095703125e-03
3.140449523925781250e-03
2.394914627075195312e-03
2.112865447998046875e-03
3.070116043090820312e-03
2.599239349365234375e-03
2.976894378662109375e-03
2.325296401977539062e-03
2.325773239135742188e-03
2.745628356933593750e-03
3.148317337036132812e-03
3.282070159912109375e-03
2.876520156860351562e-03
3.254890441894531250e-03
2.748012542724609375e-03
3.025293350219726562e-03
2.743721008300781250e-03
2.841234207153320312e-03
2.051115036010742188e-03
2.589464187622070312e-03
2.286434173583984375e-03
2.299547195434570312e-03
2.108812332153320312e-03
2.385139465332031250e-03
2.619981765747070312e-03
2.047061920166015625e-03
2.112627029418945312e-03
3.092288970947265625e-03
2.791166305541992188e-03
3.255844116210937500e-03
2.785682678222656250e-03
3.167152404785156250e-03
3.207683563232421875e-03
2.917051315307617188e-03
2.909660339355468750e-03
2.063751220703125000e-03
2.514600753784179688e-03
2.157449722290039062e-03
2.147912979125976562e-03
1.895904541015625000e-03
2.577543258666992188e-03
1.722097396850585938e-03
2.215385437011718750e-03
2.159357070922851562e-03
2.163410186767578125e-03
2.651929855346679688e-03
2.764940261840820312e-03
2.780199050903320312e-03
2.674341201782226562e-03
2.781867980957031250e-03
2.738714218139648438e-03
