2.666899681091308594e+00
9.507656097412109375e-03
8.312463760375976562e-03
8.051633834838867188e-03
7.873773574829101562e-03
7.914543151855468750e-03
7.819652557373046875e-03
7.895231246948242188e-03
7.791757583618164062e-03
7.856607437133789062e-03
7.798433303833007812e-03
7.859945297241210938e-03
7.790803909301757812e-03
7.777214050292968750e-03
7.846593856811523438e-03
7.794380187988281250e-03
7.869243621826171875e-03
8.023500442504882812e-03
8.031129837036132812e-03
7.802248001098632812e-03
7.865667343139648438e-03
7.801055908203125000e-03
7.822513580322265625e-03
7.802009582519531250e-03
7.852792739868164062e-03
7.787704467773437500e-03
7.788419723510742188e-03
7.866621017456054688e-03
7.756710052490234375e-03
7.824182510375976562e-03
7.781267166137695312e-03
7.806539535522460938e-03
7.832050323486328125e-03
7.786512374877929688e-03
7.866621017456054688e-03
7.797002792358398438e-03
7.879257202148437500e-03
7.797718048095703125e-03
7.857322692871093750e-03
7.941484451293945312e-03
7.858037948608398438e-03
7.849693298339843750e-03
7.819175720214843750e-03
7.854700088500976562e-03
7.875919342041015625e-03
7.876634597778320312e-03
7.792234420776367188e-03
7.852077484130859375e-03
7.753372192382812500e-03
7.845401763916015625e-03
7.843255996704101562e-03
7.859230041503906250e-03
7.884502410888671875e-03
7.771015167236328125e-03
7.932424545288085938e-03
7.756471633911132812e-03
7.844686508178710938e-03
7.850170135498046875e-03
7.879972457885742188e-03
7.766008377075195312e-03
7.787466049194335938e-03
7.859468460083007812e-03
7.722139358520507812e-03
7.826089859008789062e-03
7.762908935546875000e-03
7.833003997802734375e-03
7.881641387939453125e-03
7.770299911499023438e-03
7.844209671020507812e-03
7.782936096191406250e-03
7.848024368286132812e-03
7.798910140991210938e-03
7.775783538818359375e-03
7.859706878662109375e-03
7.787466049194335938e-03
7.835149765014648438e-03
7.794857025146484375e-03
7.816314697265625000e-03
7.818937301635742188e-03
7.752656936645507812e-03
7.828474044799804688e-03
7.810831069946289062e-03
7.841110229492187500e-03
7.780075073242187500e-03
7.877111434936523438e-03
7.879734039306640625e-03
7.837057113647460938e-03
7.860183715820312500e-03
7.755994796752929688e-03
7.882833480834960938e-03
7.758855819702148438e-03
7.850170135498046875e-03
7.792472839355468750e-03
7.794857025146484375e-03
7.845163345336914062e-03
7.732152938842773438e-03
7.862091064453125000e-03
7.776737213134765625e-03
7.796525955200195312e-03
7.838964462280273438e-03
7.783412933349609375e-03
7.841110229492187500e-03
7.874965667724609375e-03
7.846355438232421875e-03
7.774353027343750000e-03
7.897377014160156250e-03
7.844924926757812500e-03
7.861614227294921875e-03
7.853984832763671875e-03
7.770061492919921875e-03
7.827997207641601562e-03
7.781982421875000000e-03
7.828712463378906250e-03
7.810115814208984375e-03
7.755994796752929688e-03
7.850408554077148438e-03
7.812976837158203125e-03
7.830142974853515625e-03
7.871627807617187500e-03
7.866144180297851562e-03
7.779598236083984375e-03
7.782697677612304688e-03
7.888078689575195312e-03
7.754802703857421875e-03
7.842063903808593750e-03
7.779121398925781250e-03
7.851600646972656250e-03
7.866859436035156250e-03
7.804393768310546875e-03
7.836818695068359375e-03
7.779359817504882812e-03
7.848501205444335938e-03
7.766008377075195312e-03
7.787227630615234375e-03
7.859706878662109375e-03
7.776021957397460938e-03
7.834672927856445312e-03
7.783174514770507812e-03
7.844924926757812500e-03
7.850646972656250000e-03
7.784366607666015625e-03
7.833003997802734375e-03
7.783174514770507812e-03
7.843971252441406250e-03
7.797956466674804688e-03
7.848501205444335938e-03
7.761001586914062500e-03
7.783651351928710938e-03
7.831811904907226562e-03
7.768630981445312500e-03
7.829427719116210938e-03
7.754325866699218750e-03
7.766008377075195312e-03
7.862329483032226562e-03
7.739067077636718750e-03
7.839441299438476562e-03
7.781028747558593750e-03
7.787227630615234375e-03
7.961750030517578125e-03
7.769584655761718750e-03
7.858514785766601562e-03
7.782936096191406250e-03
7.829904556274414062e-03
7.782697677612304688e-03
7.776021957397460938e-03
7.828474044799804688e-03
7.763147354125976562e-03
7.850646972656250000e-03
7.764339447021484375e-03
7.776737213134765625e-03
7.842779159545898438e-03
7.770776748657226562e-03
7.855415344238281250e-03
7.848024368286132812e-03
7.809877395629882812e-03
7.763862609863281250e-03
7.857322692871093750e-03
7.866859436035156250e-03
7.884263992309570312e-03
7.841110229492187500e-03
7.833480834960937500e-03
7.856369018554687500e-03
7.765293121337890625e-03
7.872343063354492188e-03
7.768154144287109375e-03
7.794618606567382812e-03
7.848024368286132812e-03
7.845878601074218750e-03
7.856845855712890625e-03
7.764339447021484375e-03
7.856369018554687500e-03
7.877349853515625000e-03
7.765531539916992188e-03
7.858514785766601562e-03
7.777452468872070312e-03
7.857561111450195312e-03
7.865190505981445312e-03
7.823944091796875000e-03
7.860183715820312500e-03
7.871866226196289062e-03
4.141354560852050781e-02
2.295756340026855469e-02
1.311159133911132812e-02
1.474761962890625000e-02
1.360821723937988281e-02
1.349043846130371094e-02
1.433324813842773438e-02
1.249408721923828125e-02
1.232814788818359375e-02
1.617026329040527344e-02
1.358866691589355469e-02
1.229190826416015625e-02
1.299190521240234375e-02
1.353430747985839844e-02
1.371812820434570312e-02
1.594853401184082031e-02
1.272463798522949219e-02
2.397871017456054688e-02
1.234340667724609375e-02
1.443290710449218750e-02
1.234626770019531250e-02
1.176667213439941406e-02
1.234412193298339844e-02
1.263427734375000000e-02
1.152706146240234375e-02
1.278924942016601562e-02
1.196861267089843750e-02
1.135206222534179688e-02
1.345515251159667969e-02
1.227092742919921875e-02
1.212453842163085938e-02
1.162767410278320312e-02
1.269030570983886719e-02
1.303696632385253906e-02
1.237964630126953125e-02
1.258778572082519531e-02
1.295208930969238281e-02
1.292753219604492188e-02
1.311898231506347656e-02
1.241374015808105469e-02
1.065540313720703125e-02
1.241326332092285156e-02
1.272082328796386719e-02
1.201081275939941406e-02
1.412844657897949219e-02
1.234698295593261719e-02
1.222229003906250000e-02
1.499152183532714844e-02
1.245975494384765625e-02
1.191854476928710938e-02
1.180219650268554688e-02
1.178193092346191406e-02
1.238417625427246094e-02
1.226711273193359375e-02
1.311874389648437500e-02
1.349496841430664062e-02
1.209616661071777344e-02
1.272511482238769531e-02
1.122188568115234375e-02
1.302933692932128906e-02
1.287603378295898438e-02
1.224160194396972656e-02
1.275110244750976562e-02
1.245236396789550781e-02
1.451420783996582031e-02
1.260876655578613281e-02
1.118803024291992188e-02
1.166200637817382812e-02
1.125907897949218750e-02
1.186728477478027344e-02
1.222753524780273438e-02
1.461553573608398438e-02
1.199364662170410156e-02
1.151180267333984375e-02
1.180195808410644531e-02
1.218533515930175781e-02
1.263904571533203125e-02
1.183247566223144531e-02
1.251101493835449219e-02
1.113343238830566406e-02
1.285147666931152344e-02
1.306939125061035156e-02
1.183104515075683594e-02
1.266860961914062500e-02
1.259064674377441406e-02
1.215291023254394531e-02
1.179647445678710938e-02
1.200103759765625000e-02
1.104521751403808594e-02
1.201009750366210938e-02
1.263689994812011719e-02
1.104760169982910156e-02
1.084971427917480469e-02
1.129007339477539062e-02
1.147246360778808594e-02
1.071500778198242188e-02
1.103901863098144531e-02
1.202487945556640625e-02
1.154160499572753906e-02
1.093459129333496094e-02
1.130557060241699219e-02
1.173210144042968750e-02
1.113057136535644531e-02
1.194739341735839844e-02
1.181077957153320312e-02
1.215910911560058594e-02
1.236176490783691406e-02
1.153731346130371094e-02
1.179289817810058594e-02
1.101517677307128906e-02
1.063013076782226562e-02
1.060152053833007812e-02
1.068544387817382812e-02
1.128268241882324219e-02
1.087856292724609375e-02
9.496212005615234375e-03
1.262712478637695312e-02
1.190686225891113281e-02
1.122975349426269531e-02
1.101183891296386719e-02
1.029753684997558594e-02
1.130270957946777344e-02
1.181411743164062500e-02
1.199889183044433594e-02
1.610064506530761719e-02
1.264977455139160156e-02
1.303029060363769531e-02
1.295542716979980469e-02
1.199436187744140625e-02
1.174974441528320312e-02
1.213169097900390625e-02
1.159262657165527344e-02
1.119637489318847656e-02
1.143503189086914062e-02
1.131367683410644531e-02
1.099586486816406250e-02
1.151680946350097656e-02
1.225113868713378906e-02
9.772777557373046875e-03
1.189136505126953125e-02
1.238727569580078125e-02
1.063966751098632812e-02
1.477694511413574219e-02
1.228833198547363281e-02
1.353406906127929688e-02
1.377940177917480469e-02
1.325321197509765625e-02
1.303124427795410156e-02
1.271486282348632812e-02
1.143431663513183594e-02
1.251602172851562500e-02
1.303267478942871094e-02
1.223874092102050781e-02
1.133155822753906250e-02
1.203346252441406250e-02
1.218485832214355469e-02
1.210403442382812500e-02
1.192569732666015625e-02
1.157760620117187500e-02
1.078486442565917969e-02
1.142930984497070312e-02
1.163482666015625000e-02
1.249074935913085938e-02
1.239728927612304688e-02
1.252555847167968750e-02
1.206922531127929688e-02
1.167201995849609375e-02
1.114153861999511719e-02
1.150560379028320312e-02
1.215577125549316406e-02
1.238012313842773438e-02
1.244974136352539062e-02
1.263880729675292969e-02
1.201581954956054688e-02
1.206207275390625000e-02
1.222205162048339844e-02
1.136207580566406250e-02
1.223397254943847656e-02
1.228475570678710938e-02
1.256704330444335938e-02
1.238989830017089844e-02
1.176118850708007812e-02
1.204323768615722656e-02
1.171302795410156250e-02
1.155996322631835938e-02
1.236701011657714844e-02
1.235246658325195312e-02
1.085305213928222656e-02
1.230978965759277344e-02
1.178932189941406250e-02
1.145839691162109375e-02
1.284384727478027344e-02
1.286220550537109375e-02
1.219582557678222656e-02
1.223659515380859375e-02
1.195549964904785156e-02
1.273202896118164062e-02
1.182055473327636719e-02
1.072287559509277344e-02
1.255917549133300781e-02
1.259279251098632812e-02
1.239514350891113281e-02
1.222920417785644531e-02
1.197004318237304688e-02
1.112794876098632812e-02
1.262354850769042969e-02
1.151037216186523438e-02
1.081871986389160156e-02
1.014471054077148438e-02
1.115322113037109375e-02
9.975194931030273438e-03
1.094770431518554688e-02
1.197433471679687500e-02
1.067757606506347656e-02
1.155638694763183594e-02
1.179838180541992188e-02
1.213049888610839844e-02
1.187849044799804688e-02
1.053714752197265625e-02
1.179862022399902344e-02
1.251792907714843750e-02
1.216268539428710938e-02
1.329159736633300781e-02
1.149034500122070312e-02
1.234722137451171875e-02
1.111292839050292969e-02
1.012063026428222656e-02
1.111888885498046875e-02
1.144409179687500000e-02
1.194119453430175781e-02
1.046085357666015625e-02
1.168799400329589844e-02
1.201844215393066406e-02
1.125407218933105469e-02
1.155328750610351562e-02
1.167654991149902344e-02
1.186156272888183594e-02
1.250457763671875000e-02
1.157832145690917969e-02
1.232719421386718750e-02
1.192450523376464844e-02
1.163601875305175781e-02
1.159000396728515625e-02
1.115012168884277344e-02
1.010298728942871094e-02
1.089930534362792969e-02
1.184988021850585938e-02
1.255702972412109375e-02
1.166987419128417969e-02
1.150250434875488281e-02
1.233386993408203125e-02
1.185131072998046875e-02
1.185083389282226562e-02
1.242876052856445312e-02
1.193666458129882812e-02
1.204347610473632812e-02
1.247644424438476562e-02
1.247191429138183594e-02
1.276421546936035156e-02
1.136445999145507812e-02
1.162266731262207031e-02
1.153039932250976562e-02
1.074481010437011719e-02
1.073145866394042969e-02
9.987592697143554688e-03
1.066112518310546875e-02
1.020765304565429688e-02
1.024198532104492188e-02
1.096129417419433594e-02
1.147294044494628906e-02
1.173734664916992188e-02
1.173019409179687500e-02
1.064491271972656250e-02
1.179432868957519531e-02
1.157283782958984375e-02
1.227021217346191406e-02
1.201677322387695312e-02
1.173830032348632812e-02
1.191997528076171875e-02
1.213765144348144531e-02
1.216793060302734375e-02
1.130938529968261719e-02
1.223063468933105469e-02
1.106953620910644531e-02
1.085877418518066406e-02
1.123404502868652344e-02
1.165103912353515625e-02
1.162838935852050781e-02
1.096296310424804688e-02
1.139497756958007812e-02
1.227927207946777344e-02
1.136851310729980469e-02
1.249265670776367188e-02
1.202511787414550781e-02
1.089262962341308594e-02
1.148438453674316406e-02
1.209640502929687500e-02
1.235103607177734375e-02
1.255798339843750000e-02
1.201176643371582031e-02
1.184105873107910156e-02
1.073908805847167969e-02
1.197028160095214844e-02
1.132988929748535156e-02
1.340723037719726562e-02
1.245307922363281250e-02
1.155495643615722656e-02
1.213455200195312500e-02
1.203393936157226562e-02
1.151680946350097656e-02
1.243972778320312500e-02
1.259088516235351562e-02
1.303100585937500000e-02
1.235985755920410156e-02
1.261401176452636719e-02
1.171755790710449219e-02
1.299977302551269531e-02
1.206779479980468750e-02
1.113629341125488281e-02
1.289439201354980469e-02
1.152849197387695312e-02
1.039433479309082031e-02
1.029825210571289062e-02
1.146006584167480469e-02
1.118588447570800781e-02
1.129293441772460938e-02
1.107525825500488281e-02
1.228308677673339844e-02
1.189637184143066406e-02
1.175308227539062500e-02
1.278829574584960938e-02
1.242756843566894531e-02
1.162815093994140625e-02
1.343441009521484375e-02
1.295042037963867188e-02
1.313734054565429688e-02
1.338648796081542969e-02
1.288485527038574219e-02
1.141619682312011719e-02
1.189899444580078125e-02
1.178312301635742188e-02
1.110744476318359375e-02
1.095938682556152344e-02
1.067924499511718750e-02
1.189208030700683594e-02
1.067042350769042969e-02
1.205062866210937500e-02
1.182723045349121094e-02
1.135277748107910156e-02
1.190328598022460938e-02
1.206803321838378906e-02
1.147317886352539062e-02
1.197123527526855469e-02
1.138281822204589844e-02
1.174688339233398438e-02
1.173567771911621094e-02
1.228260993957519531e-02
1.276040077209472656e-02
1.298713684082031250e-02
1.281499862670898438e-02
1.164531707763671875e-02
1.214289665222167969e-02
1.199364662170410156e-02
1.181125640869140625e-02
1.212239265441894531e-02
1.256108283996582031e-02
1.203632354736328125e-02
1.179099082946777344e-02
1.253056526184082031e-02
1.284694671630859375e-02
1.164388656616210938e-02
1.112651824951171875e-02
1.092505455017089844e-02
1.153349876403808594e-02
1.210951805114746094e-02
1.220989227294921875e-02
1.212573051452636719e-02
1.138496398925781250e-02
1.147937774658203125e-02
1.175642013549804688e-02
1.171112060546875000e-02
1.115226745605468750e-02
1.124429702758789062e-02
1.237225532531738281e-02
1.209926605224609375e-02
1.166081428527832031e-02
1.276397705078125000e-02
1.216554641723632812e-02
1.209235191345214844e-02
1.187944412231445312e-02
1.110696792602539062e-02
1.069235801696777344e-02
1.082301139831542969e-02
1.220965385437011719e-02
1.208353042602539062e-02
1.208996772766113281e-02
1.260781288146972656e-02
1.175141334533691406e-02
1.088213920593261719e-02
1.036667823791503906e-02
1.199889183044433594e-02
1.131129264831542969e-02
1.269364356994628906e-02
1.095676422119140625e-02
1.304745674133300781e-02
1.389098167419433594e-02
1.193594932556152344e-02
1.090788841247558594e-02
1.220512390136718750e-02
1.181674003601074219e-02
1.131987571716308594e-02
1.302027702331542969e-02
1.133847236633300781e-02
1.114559173583984375e-02
1.149821281433105469e-02
1.080918312072753906e-02
1.096248626708984375e-02
1.055860519409179688e-02
1.094031333923339844e-02
1.112747192382812500e-02
1.226949691772460938e-02
1.148605346679687500e-02
1.144814491271972656e-02
1.204323768615722656e-02
1.188659667968750000e-02
1.096701622009277344e-02
1.224040985107421875e-02
1.218271255493164062e-02
1.078653335571289062e-02
1.208162307739257812e-02
1.204538345336914062e-02
1.231288909912109375e-02
1.147699356079101562e-02
1.124072074890136719e-02
1.115012168884277344e-02
1.164889335632324219e-02
1.113986968994140625e-02
1.065874099731445312e-02
1.129889488220214844e-02
1.049327850341796875e-02
1.092386245727539062e-02
1.155161857604980469e-02
1.136779785156250000e-02
1.101136207580566406e-02
1.188063621520996094e-02
1.209068298339843750e-02
1.131510734558105469e-02
1.203227043151855469e-02
1.247477531433105469e-02
1.069736480712890625e-02
1.322460174560546875e-02
1.187491416931152344e-02
1.156067848205566406e-02
1.061964035034179688e-02
1.110243797302246094e-02
1.168394088745117188e-02
1.086187362670898438e-02
1.103019714355468750e-02
1.119089126586914062e-02
1.177000999450683594e-02
1.090407371520996094e-02
1.178264617919921875e-02
1.142883300781250000e-02
1.083374023437500000e-02
1.240324974060058594e-02
1.155900955200195312e-02
1.186823844909667969e-02
1.270723342895507812e-02
1.214599609375000000e-02
1.032304763793945312e-02
1.117563247680664062e-02
1.263809204101562500e-02
1.229810714721679688e-02
1.196312904357910156e-02
1.224660873413085938e-02
1.277136802673339844e-02
1.178598403930664062e-02
1.126599311828613281e-02
1.176190376281738281e-02
1.205444335937500000e-02
1.124191284179687500e-02
1.228141784667968750e-02
1.151537895202636719e-02
1.230645179748535156e-02
1.157116889953613281e-02
1.138901710510253906e-02
1.105546951293945312e-02
1.178383827209472656e-02
1.149559020996093750e-02
1.282930374145507812e-02
1.269578933715820312e-02
1.210713386535644531e-02
1.147842407226562500e-02
1.091909408569335938e-02
1.190137863159179688e-02
1.143264770507812500e-02
1.180648803710937500e-02
1.120448112487792969e-02
1.206898689270019531e-02
1.208329200744628906e-02
1.121091842651367188e-02
1.318550109863281250e-02
1.194262504577636719e-02
1.185321807861328125e-02
1.388883590698242188e-02
1.133465766906738281e-02
1.095890998840332031e-02
1.188015937805175781e-02
1.176261901855468750e-02
1.173615455627441406e-02
1.073789596557617188e-02
1.169276237487792969e-02
9.998559951782226562e-03
1.158356666564941406e-02
1.149201393127441406e-02
1.107668876647949219e-02
1.216101646423339844e-02
1.081728935241699219e-02
1.192092895507812500e-02
1.096272468566894531e-02
1.140451431274414062e-02
1.196503639221191406e-02
1.174116134643554688e-02
1.171350479125976562e-02
1.237630844116210938e-02
1.293277740478515625e-02
1.189756393432617188e-02
1.128530502319335938e-02
1.300287246704101562e-02
1.095461845397949219e-02
1.220703125000000000e-02
1.252102851867675781e-02
1.243996620178222656e-02
1.117968559265136719e-02
1.145076751708984375e-02
1.215434074401855469e-02
1.159882545471191406e-02
1.136898994445800781e-02
1.258087158203125000e-02
1.140499114990234375e-02
1.083993911743164062e-02
1.079273223876953125e-02
1.139044761657714844e-02
1.156949996948242188e-02
9.472131729125976562e-03
1.249599456787109375e-02
1.283025741577148438e-02
1.278758049011230469e-02
1.225042343139648438e-02
1.261281967163085938e-02
1.196789741516113281e-02
1.306343078613281250e-02
1.253867149353027344e-02
1.203608512878417969e-02
1.298713684082031250e-02
1.211047172546386719e-02
1.252961158752441406e-02
1.191377639770507812e-02
1.148319244384765625e-02
1.200318336486816406e-02
1.215124130249023438e-02
1.064896583557128906e-02
1.051545143127441406e-02
1.175975799560546875e-02
1.208591461181640625e-02
1.227712631225585938e-02
1.240515708923339844e-02
1.199865341186523438e-02
1.199197769165039062e-02
1.243543624877929688e-02
1.264238357543945312e-02
1.164579391479492188e-02
1.227712631225585938e-02
1.202630996704101562e-02
1.287317276000976562e-02
1.186251640319824219e-02
1.252627372741699219e-02
1.299285888671875000e-02
1.240086555480957031e-02
1.065254211425781250e-02
1.173734664916992188e-02
1.172947883605957031e-02
1.087903976440429688e-02
1.047849655151367188e-02
1.175785064697265625e-02
1.175570487976074219e-02
1.080703735351562500e-02
1.245045661926269531e-02
1.174426078796386719e-02
1.156187057495117188e-02
1.179552078247070312e-02
1.263523101806640625e-02
1.186776161193847656e-02
1.178407669067382812e-02
1.152372360229492188e-02
1.189851760864257812e-02
1.179766654968261719e-02
1.256966590881347656e-02
1.252555847167968750e-02
1.213908195495605469e-02
1.157331466674804688e-02
1.261138916015625000e-02
1.013803482055664062e-02
1.214981079101562500e-02
1.113510131835937500e-02
1.009750366210937500e-02
1.101183891296386719e-02
1.133441925048828125e-02
1.102018356323242188e-02
1.102423667907714844e-02
1.193332672119140625e-02
1.262974739074707031e-02
1.146912574768066406e-02
1.187109947204589844e-02
1.241612434387207031e-02
1.206111907958984375e-02
1.233148574829101562e-02
1.295828819274902344e-02
1.256871223449707031e-02
1.235651969909667969e-02
1.157593727111816406e-02
1.142024993896484375e-02
1.065683364868164062e-02
1.137208938598632812e-02
1.128840446472167969e-02
1.001620292663574219e-02
1.126646995544433594e-02
9.937524795532226562e-03
1.065158843994140625e-02
1.130032539367675781e-02
1.191043853759765625e-02
1.168107986450195312e-02
1.201176643371582031e-02
1.252150535583496094e-02
1.286602020263671875e-02
1.296639442443847656e-02
1.310920715332031250e-02
1.303625106811523438e-02
1.199221611022949219e-02
1.161456108093261719e-02
1.132726669311523438e-02
1.173472404479980469e-02
1.104879379272460938e-02
1.237201690673828125e-02
1.238846778869628906e-02
9.349107742309570312e-03
1.066899299621582031e-02
1.082515716552734375e-02
1.038289070129394531e-02
1.225233078002929688e-02
1.341557502746582031e-02
1.276779174804687500e-02
1.326441764831542969e-02
1.345586776733398438e-02
1.251029968261718750e-02
1.300072669982910156e-02
1.358675956726074219e-02
1.207804679870605469e-02
1.339483261108398438e-02
1.209926605224609375e-02
1.291322708129882812e-02
1.194834709167480469e-02
1.314806938171386719e-02
1.284885406494140625e-02
1.205992698669433594e-02
1.208186149597167969e-02
1.217937469482421875e-02
1.212620735168457031e-02
1.115441322326660156e-02
1.200580596923828125e-02
1.148867607116699219e-02
1.135063171386718750e-02
1.167798042297363281e-02
1.269221305847167969e-02
1.238751411437988281e-02
1.155662536621093750e-02
1.411509513854980469e-02
1.330041885375976562e-02
1.276659965515136719e-02
1.319169998168945312e-02
1.242995262145996094e-02
1.221179962158203125e-02
1.116776466369628906e-02
1.249480247497558594e-02
1.133131980895996094e-02
1.221013069152832031e-02
1.290774345397949219e-02
1.178336143493652344e-02
1.247072219848632812e-02
1.295638084411621094e-02
1.222443580627441406e-02
1.228070259094238281e-02
1.204252243041992188e-02
1.213049888610839844e-02
1.161980628967285156e-02
1.133418083190917969e-02
1.143336296081542969e-02
1.257967948913574219e-02
1.126050949096679688e-02
1.318001747131347656e-02
1.253628730773925781e-02
1.090192794799804688e-02
1.177191734313964844e-02
1.261305809020996094e-02
1.122331619262695312e-02
1.206564903259277344e-02
1.246190071105957031e-02
1.225161552429199219e-02
1.193737983703613281e-02
1.172661781311035156e-02
1.180267333984375000e-02
1.267051696777343750e-02
1.026868820190429688e-02
1.244640350341796875e-02
1.064229011535644531e-02
1.171040534973144531e-02
1.231122016906738281e-02
1.238918304443359375e-02
1.307296752929687500e-02
1.217031478881835938e-02
1.324486732482910156e-02
1.249027252197265625e-02
1.217007637023925781e-02
1.275420188903808594e-02
1.272535324096679688e-02
1.242470741271972656e-02
1.198101043701171875e-02
1.132988929748535156e-02
1.209402084350585938e-02
1.133394241333007812e-02
1.168227195739746094e-02
1.078033447265625000e-02
1.236224174499511719e-02
1.200652122497558594e-02
1.169705390930175781e-02
1.245880126953125000e-02
1.282835006713867188e-02
1.295971870422363281e-02
1.161646842956542969e-02
1.293277740478515625e-02
1.227355003356933594e-02
1.203489303588867188e-02
1.282763481140136719e-02
1.232194900512695312e-02
1.203608512878417969e-02
1.167893409729003906e-02
1.165008544921875000e-02
1.170754432678222656e-02
1.248407363891601562e-02
1.188087463378906250e-02
1.122045516967773438e-02
1.189303398132324219e-02
1.177096366882324219e-02
1.146197319030761719e-02
9.609937667846679688e-03
1.208519935607910156e-02
1.249837875366210938e-02
1.277685165405273438e-02
1.294350624084472656e-02
1.222395896911621094e-02
1.194024085998535156e-02
1.212024688720703125e-02
1.167058944702148438e-02
1.175141334533691406e-02
1.082301139831542969e-02
1.147937774658203125e-02
1.163339614868164062e-02
1.153039932250976562e-02
1.202511787414550781e-02
1.054239273071289062e-02
1.123332977294921875e-02
1.124072074890136719e-02
1.046061515808105469e-02
1.170825958251953125e-02
1.224088668823242188e-02
1.101589202880859375e-02
1.221990585327148438e-02
1.015853881835937500e-02
1.159977912902832031e-02
1.280283927917480469e-02
1.202964782714843750e-02
1.066493988037109375e-02
1.221537590026855469e-02
1.102280616760253906e-02
1.177930831909179688e-02
1.184082031250000000e-02
1.130914688110351562e-02
1.252341270446777344e-02
1.143145561218261719e-02
1.039385795593261719e-02
1.130318641662597656e-02
1.117515563964843750e-02
1.091313362121582031e-02
1.119756698608398438e-02
1.220560073852539062e-02
1.084280014038085938e-02
1.211309432983398438e-02
1.186966896057128906e-02
1.194882392883300781e-02
1.127886772155761719e-02
1.161766052246093750e-02
1.121115684509277344e-02
1.069235801696777344e-02
1.173281669616699219e-02
1.175761222839355469e-02
1.183509826660156250e-02
1.149749755859375000e-02
1.208448410034179688e-02
1.174902915954589844e-02
1.139521598815917969e-02
1.208806037902832031e-02
1.205992698669433594e-02
1.291894912719726562e-02
1.090288162231445312e-02
1.239418983459472656e-02
1.149272918701171875e-02
1.180315017700195312e-02
1.215624809265136719e-02
1.201510429382324219e-02
1.114535331726074219e-02
1.331591606140136719e-02
1.167225837707519531e-02
1.542401313781738281e-02
1.325392723083496094e-02
1.202297210693359375e-02
1.150918006896972656e-02
1.213335990905761719e-02
1.192235946655273438e-02
1.243162155151367188e-02
1.283931732177734375e-02
1.252102851867675781e-02
1.282167434692382812e-02
1.145362854003906250e-02
1.120185852050781250e-02
1.230525970458984375e-02
1.142859458923339844e-02
1.127052307128906250e-02
1.083683967590332031e-02
1.299047470092773438e-02
1.165509223937988281e-02
1.311159133911132812e-02
1.179957389831542969e-02
1.247978210449218750e-02
1.177692413330078125e-02
1.151275634765625000e-02
1.112985610961914062e-02
1.211476325988769531e-02
1.176643371582031250e-02
1.286315917968750000e-02
1.226997375488281250e-02
1.198220252990722656e-02
1.191329956054687500e-02
1.122593879699707031e-02
1.128172874450683594e-02
1.160645484924316406e-02
1.108598709106445312e-02
1.141071319580078125e-02
1.249790191650390625e-02
1.236605644226074219e-02
1.165652275085449219e-02
1.205635070800781250e-02
1.267814636230468750e-02
1.184630393981933594e-02
1.053237915039062500e-02
1.133871078491210938e-02
1.217198371887207031e-02
1.112484931945800781e-02
1.118540763854980469e-02
1.219558715820312500e-02
1.117658615112304688e-02
1.147747039794921875e-02
1.165556907653808594e-02
1.112842559814453125e-02
1.174235343933105469e-02
1.253366470336914062e-02
1.303839683532714844e-02
1.296997070312500000e-02
1.228380203247070312e-02
1.189732551574707031e-02
1.152157783508300781e-02
1.199460029602050781e-02
1.129221916198730469e-02
1.148223876953125000e-02
1.125621795654296875e-02
1.175904273986816406e-02
1.143765449523925781e-02
1.195454597473144531e-02
1.202797889709472656e-02
1.171040534973144531e-02
1.174139976501464844e-02
1.153159141540527344e-02
1.137208938598632812e-02
1.198124885559082031e-02
1.127123832702636719e-02
1.129341125488281250e-02
1.294207572937011719e-02
1.312351226806640625e-02
1.286005973815917969e-02
1.224088668823242188e-02
1.202130317687988281e-02
1.127982139587402344e-02
1.284360885620117188e-02
1.129865646362304688e-02
1.163458824157714844e-02
1.234388351440429688e-02
1.116037368774414062e-02
1.063728332519531250e-02
1.146125793457031250e-02
1.044201850891113281e-02
1.260614395141601562e-02
1.222658157348632812e-02
1.317977905273437500e-02
1.260304450988769531e-02
1.279997825622558594e-02
1.311230659484863281e-02
1.294779777526855469e-02
1.234221458435058594e-02
1.309251785278320312e-02
1.112318038940429688e-02
1.175141334533691406e-02
1.198124885559082031e-02
1.190900802612304688e-02
1.195430755615234375e-02
1.090812683105468750e-02
1.133060455322265625e-02
1.128435134887695312e-02
1.023626327514648438e-02
1.094341278076171875e-02
1.008176803588867188e-02
1.100969314575195312e-02
1.239299774169921875e-02
1.127052307128906250e-02
1.281309127807617188e-02
1.208829879760742188e-02
1.300978660583496094e-02
1.274681091308593750e-02
1.171875000000000000e-02
1.298022270202636719e-02
1.234316825866699219e-02
1.169848442077636719e-02
1.237845420837402344e-02
1.190233230590820312e-02
1.240587234497070312e-02
1.186132431030273438e-02
1.074910163879394531e-02
1.176071166992187500e-02
1.035761833190917969e-02
1.102328300476074219e-02
1.042747497558593750e-02
1.045179367065429688e-02
1.180553436279296875e-02
1.149940490722656250e-02
1.086854934692382812e-02
1.216173171997070312e-02
1.136088371276855469e-02
1.186847686767578125e-02
1.231837272644042969e-02
1.262927055358886719e-02
1.243114471435546875e-02
1.227426528930664062e-02
1.204538345336914062e-02
1.207518577575683594e-02
1.204562187194824219e-02
1.157093048095703125e-02
1.176357269287109375e-02
1.063919067382812500e-02
1.137876510620117188e-02
1.259541511535644531e-02
1.169681549072265625e-02
1.128888130187988281e-02
1.160669326782226562e-02
1.203870773315429688e-02
1.172423362731933594e-02
1.110410690307617188e-02
1.162862777709960938e-02
1.244902610778808594e-02
1.195788383483886719e-02
1.130604743957519531e-02
1.313471794128417969e-02
1.168560981750488281e-02
1.113653182983398438e-02
1.112055778503417969e-02
1.115059852600097656e-02
1.080060005187988281e-02
1.183009147644042969e-02
1.132893562316894531e-02
1.186418533325195312e-02
1.168107986450195312e-02
1.166653633117675781e-02
1.169824600219726562e-02
1.172757148742675781e-02
1.260924339294433594e-02
1.091718673706054688e-02
1.083302497863769531e-02
1.198577880859375000e-02
1.276612281799316406e-02
1.072263717651367188e-02
1.281619071960449219e-02
1.186156272888183594e-02
1.193594932556152344e-02
1.244807243347167969e-02
1.222372055053710938e-02
1.197195053100585938e-02
1.193547248840332031e-02
1.224064826965332031e-02
1.186704635620117188e-02
1.117515563964843750e-02
1.215744018554687500e-02
1.150989532470703125e-02
1.206111907958984375e-02
1.199531555175781250e-02
1.165485382080078125e-02
1.165032386779785156e-02
1.194763183593750000e-02
1.176333427429199219e-02
1.124024391174316406e-02
1.225829124450683594e-02
1.105904579162597656e-02
1.083517074584960938e-02
1.202201843261718750e-02
1.262569427490234375e-02
1.194930076599121094e-02
1.281213760375976562e-02
1.248455047607421875e-02
1.262068748474121094e-02
1.255893707275390625e-02
1.151442527770996094e-02
1.167631149291992188e-02
1.108813285827636719e-02
1.154756546020507812e-02
1.130342483520507812e-02
1.190996170043945312e-02
1.198148727416992188e-02
1.216053962707519531e-02
1.172351837158203125e-02
1.242995262145996094e-02
1.195836067199707031e-02
1.194214820861816406e-02
1.272010803222656250e-02
1.079463958740234375e-02
1.278281211853027344e-02
1.213741302490234375e-02
1.081871986389160156e-02
1.209115982055664062e-02
1.125836372375488281e-02
1.133966445922851562e-02
1.108765602111816406e-02
1.161813735961914062e-02
1.229214668273925781e-02
1.143598556518554688e-02
1.192879676818847656e-02
1.212811470031738281e-02
1.221823692321777344e-02
1.236796379089355469e-02
1.177215576171875000e-02
1.128077507019042969e-02
1.189994812011718750e-02
1.237320899963378906e-02
1.182675361633300781e-02
1.213312149047851562e-02
1.214504241943359375e-02
1.176118850708007812e-02
1.224303245544433594e-02
1.260423660278320312e-02
1.141786575317382812e-02
1.059556007385253906e-02
1.244711875915527344e-02
1.169443130493164062e-02
1.233315467834472656e-02
1.207709312438964844e-02
1.094460487365722656e-02
1.171493530273437500e-02
1.104331016540527344e-02
1.124596595764160156e-02
1.119637489318847656e-02
1.163887977600097656e-02
1.068830490112304688e-02
1.176166534423828125e-02
1.196861267089843750e-02
1.218771934509277344e-02
1.117324829101562500e-02
1.241135597229003906e-02
1.104593276977539062e-02
1.174497604370117188e-02
1.162195205688476562e-02
1.249313354492187500e-02
1.204967498779296875e-02
1.226043701171875000e-02
1.144814491271972656e-02
1.208209991455078125e-02
1.183009147644042969e-02
1.104259490966796875e-02
1.244330406188964844e-02
1.153373718261718750e-02
1.202535629272460938e-02
1.148605346679687500e-02
1.073336601257324219e-02
1.141095161437988281e-02
1.167798042297363281e-02
1.085853576660156250e-02
1.212382316589355469e-02
1.178574562072753906e-02
1.150417327880859375e-02
1.093792915344238281e-02
1.173806190490722656e-02
1.149201393127441406e-02
1.249337196350097656e-02
1.194787025451660156e-02
1.273655891418457031e-02
1.214838027954101562e-02
1.144027709960937500e-02
1.125073432922363281e-02
1.213502883911132812e-02
1.126337051391601562e-02
1.206970214843750000e-02
1.236748695373535156e-02
1.045703887939453125e-02
1.193237304687500000e-02
1.113629341125488281e-02
1.128268241882324219e-02
1.207089424133300781e-02
1.178741455078125000e-02
1.090860366821289062e-02
1.225304603576660156e-02
1.137256622314453125e-02
1.181173324584960938e-02
1.234126091003417969e-02
1.243591308593750000e-02
1.324057579040527344e-02
1.224732398986816406e-02
1.229405403137207031e-02
1.226997375488281250e-02
1.191020011901855469e-02
1.188778877258300781e-02
1.078104972839355469e-02
1.225948333740234375e-02
1.199054718017578125e-02
1.231074333190917969e-02
1.216673851013183594e-02
1.678276062011718750e-02
1.243543624877929688e-02
1.283860206604003906e-02
1.108312606811523438e-02
1.180243492126464844e-02
1.198506355285644531e-02
1.254200935363769531e-02
1.097941398620605469e-02
1.112437248229980469e-02
1.179313659667968750e-02
1.295375823974609375e-02
1.235818862915039062e-02
1.103925704956054688e-02
1.246905326843261719e-02
1.169776916503906250e-02
1.245260238647460938e-02
1.157760620117187500e-02
1.155853271484375000e-02
1.204204559326171875e-02
1.209449768066406250e-02
1.187324523925781250e-02
1.061248779296875000e-02
1.098656654357910156e-02
1.181411743164062500e-02
1.055932044982910156e-02
1.063013076782226562e-02
1.098442077636718750e-02
1.129889488220214844e-02
8.988142013549804688e-03
1.243734359741210938e-02
1.133394241333007812e-02
1.229786872863769531e-02
1.219391822814941406e-02
1.133823394775390625e-02
1.171755790710449219e-02
1.181030273437500000e-02
1.238727569580078125e-02
1.163959503173828125e-02
1.239299774169921875e-02
1.193737983703613281e-02
1.167488098144531250e-02
1.183605194091796875e-02
1.183724403381347656e-02
1.108551025390625000e-02
1.152920722961425781e-02
1.138734817504882812e-02
1.112151145935058594e-02
1.137089729309082031e-02
1.065897941589355469e-02
1.195693016052246094e-02
1.213169097900390625e-02
1.166009902954101562e-02
1.136112213134765625e-02
1.281476020812988281e-02
1.231884956359863281e-02
1.108217239379882812e-02
1.185798645019531250e-02
1.261734962463378906e-02
1.124286651611328125e-02
1.129055023193359375e-02
1.150107383728027344e-02
1.250314712524414062e-02
1.120877265930175781e-02
1.074552536010742188e-02
1.150321960449218750e-02
1.137042045593261719e-02
1.083159446716308594e-02
1.207852363586425781e-02
1.154804229736328125e-02
1.226449012756347656e-02
1.238012313842773438e-02
1.287055015563964844e-02
1.184225082397460938e-02
1.145935058593750000e-02
1.220417022705078125e-02
1.123285293579101562e-02
1.168012619018554688e-02
1.271820068359375000e-02
1.300096511840820312e-02
1.251244544982910156e-02
1.242852210998535156e-02
1.229548454284667969e-02
1.095223426818847656e-02
1.214075088500976562e-02
1.319622993469238281e-02
1.156163215637207031e-02
1.271271705627441406e-02
1.192474365234375000e-02
1.228427886962890625e-02
1.214051246643066406e-02
1.169085502624511719e-02
1.243972778320312500e-02
1.299095153808593750e-02
1.262664794921875000e-02
1.117825508117675781e-02
1.125359535217285156e-02
1.062631607055664062e-02
1.232814788818359375e-02
1.174473762512207031e-02
1.161813735961914062e-02
1.168394088745117188e-02
1.131439208984375000e-02
1.158308982849121094e-02
1.240634918212890625e-02
1.212024688720703125e-02
1.238870620727539062e-02
1.221108436584472656e-02
1.109170913696289062e-02
1.217913627624511719e-02
1.139116287231445312e-02
1.211476325988769531e-02
1.236796379089355469e-02
1.202630996704101562e-02
1.074552536010742188e-02
1.229476928710937500e-02
1.122212409973144531e-02
1.208543777465820312e-02
1.285767555236816406e-02
1.151847839355468750e-02
1.222920417785644531e-02
1.253819465637207031e-02
1.201772689819335938e-02
1.264286041259765625e-02
1.249408721923828125e-02
1.220703125000000000e-02
1.204562187194824219e-02
1.122045516967773438e-02
1.134920120239257812e-02
1.207518577575683594e-02
1.184988021850585938e-02
1.147389411926269531e-02
1.174092292785644531e-02
1.124048233032226562e-02
1.215076446533203125e-02
1.198196411132812500e-02
1.138567924499511719e-02
1.114153861999511719e-02
1.261663436889648438e-02
1.273179054260253906e-02
1.175451278686523438e-02
1.309037208557128906e-02
1.196885108947753906e-02
1.107144355773925781e-02
1.191306114196777344e-02
1.164960861206054688e-02
1.184558868408203125e-02
1.191234588623046875e-02
1.078510284423828125e-02
1.129698753356933594e-02
1.136898994445800781e-02
1.129198074340820312e-02
1.177334785461425781e-02
1.125264167785644531e-02
1.103377342224121094e-02
1.113224029541015625e-02
1.115274429321289062e-02
1.246786117553710938e-02
1.233601570129394531e-02
1.300501823425292969e-02
1.235127449035644531e-02
1.204895973205566406e-02
1.165151596069335938e-02
1.184678077697753906e-02
1.038217544555664062e-02
1.121163368225097656e-02
1.098704338073730469e-02
1.085686683654785156e-02
1.147079467773437500e-02
1.100349426269531250e-02
1.044344902038574219e-02
1.100873947143554688e-02
1.149010658264160156e-02
1.217103004455566406e-02
1.143717765808105469e-02
1.117205619812011719e-02
1.113247871398925781e-02
1.021718978881835938e-02
1.171684265136718750e-02
1.217222213745117188e-02
1.171398162841796875e-02
1.078081130981445312e-02
1.233029365539550781e-02
1.129150390625000000e-02
1.131606101989746094e-02
1.200747489929199219e-02
1.067686080932617188e-02
1.067209243774414062e-02
1.101779937744140625e-02
9.493589401245117188e-03
1.213693618774414062e-02
1.154541969299316406e-02
1.046776771545410156e-02
1.095008850097656250e-02
1.173830032348632812e-02
1.184415817260742188e-02
1.144480705261230469e-02
1.240587234497070312e-02
1.233267784118652344e-02
1.228165626525878906e-02
1.159381866455078125e-02
1.231145858764648438e-02
1.124072074890136719e-02
1.251506805419921875e-02
1.263284683227539062e-02
1.240301132202148438e-02
1.101994514465332031e-02
1.158404350280761719e-02
1.169562339782714844e-02
1.108527183532714844e-02
1.139974594116210938e-02
1.187539100646972656e-02
1.214885711669921875e-02
1.103067398071289062e-02
1.257753372192382812e-02
1.228332519531250000e-02
1.182413101196289062e-02
1.109147071838378906e-02
1.132106781005859375e-02
1.134490966796875000e-02
1.130151748657226562e-02
1.183533668518066406e-02
1.148271560668945312e-02
1.153349876403808594e-02
1.247429847717285156e-02
1.140260696411132812e-02
1.162171363830566406e-02
1.141023635864257812e-02
1.186966896057128906e-02
1.220607757568359375e-02
1.157832145690917969e-02
1.161861419677734375e-02
1.191759109497070312e-02
1.225829124450683594e-02
1.241540908813476562e-02
1.132416725158691406e-02
1.129269599914550781e-02
1.141905784606933594e-02
9.956598281860351562e-03
1.158404350280761719e-02
1.074647903442382812e-02
1.122689247131347656e-02
1.110982894897460938e-02
1.229882240295410156e-02
1.195597648620605469e-02
1.158046722412109375e-02
1.268672943115234375e-02
1.152610778808593750e-02
1.156377792358398438e-02
1.316094398498535156e-02
1.229834556579589844e-02
1.290631294250488281e-02
1.109933853149414062e-02
1.217961311340332031e-02
1.147246360778808594e-02
1.136302947998046875e-02
1.261806488037109375e-02
1.148271560668945312e-02
1.205801963806152344e-02
1.110935211181640625e-02
1.097941398620605469e-02
1.173996925354003906e-02
1.158118247985839844e-02
1.134848594665527344e-02
1.200222969055175781e-02
1.157069206237792969e-02
1.160788536071777344e-02
1.087689399719238281e-02
1.043033599853515625e-02
1.154208183288574219e-02
1.170277595520019531e-02
1.293873786926269531e-02
1.194858551025390625e-02
1.175570487976074219e-02
1.181006431579589844e-02
1.187348365783691406e-02
1.128458976745605469e-02
1.191616058349609375e-02
1.160836219787597656e-02
1.181077957153320312e-02
1.149606704711914062e-02
1.056218147277832031e-02
1.140522956848144531e-02
1.046538352966308594e-02
1.114630699157714844e-02
1.151275634765625000e-02
1.046705245971679688e-02
1.175880432128906250e-02
1.186227798461914062e-02
1.188945770263671875e-02
1.240253448486328125e-02
1.209712028503417969e-02
1.288342475891113281e-02
1.232433319091796875e-02
1.218891143798828125e-02
1.154184341430664062e-02
1.083493232727050781e-02
1.214337348937988281e-02
1.132225990295410156e-02
1.183819770812988281e-02
1.043081283569335938e-02
1.093292236328125000e-02
1.024556159973144531e-02
9.922742843627929688e-03
1.129102706909179688e-02
1.101756095886230469e-02
1.111459732055664062e-02
1.178526878356933594e-02
1.222014427185058594e-02
1.156258583068847656e-02
1.286077499389648438e-02
1.122736930847167969e-02
1.235413551330566406e-02
1.256823539733886719e-02
9.928941726684570312e-03
1.198744773864746094e-02
1.228976249694824219e-02
1.064443588256835938e-02
1.083874702453613281e-02
1.093769073486328125e-02
1.136040687561035156e-02
1.116657257080078125e-02
1.132202148437500000e-02
1.132845878601074219e-02
1.032805442810058594e-02
1.064181327819824219e-02
1.133108139038085938e-02
1.230168342590332031e-02
1.264619827270507812e-02
1.275157928466796875e-02
1.302933692932128906e-02
1.245522499084472656e-02
1.189923286437988281e-02
1.099252700805664062e-02
1.138377189636230469e-02
1.164150238037109375e-02
1.130390167236328125e-02
1.122307777404785156e-02
1.200413703918457031e-02
9.997129440307617188e-03
1.118493080139160156e-02
1.128554344177246094e-02
1.042771339416503906e-02
1.155376434326171875e-02
1.127314567565917969e-02
1.118278503417968750e-02
1.076149940490722656e-02
1.155161857604980469e-02
1.286935806274414062e-02
1.136326789855957031e-02
1.205897331237792969e-02
1.139998435974121094e-02
1.315855979919433594e-02
1.156735420227050781e-02
1.264643669128417969e-02
1.190018653869628906e-02
1.026701927185058594e-02
1.243114471435546875e-02
1.170778274536132812e-02
1.241779327392578125e-02
1.317071914672851562e-02
1.230120658874511719e-02
1.279973983764648438e-02
1.229596138000488281e-02
1.071739196777343750e-02
1.112699508666992188e-02
1.237249374389648438e-02
1.076221466064453125e-02
1.216530799865722656e-02
1.233220100402832031e-02
1.088523864746093750e-02
1.150035858154296875e-02
1.244997978210449219e-02
1.210427284240722656e-02
1.157450675964355469e-02
1.136922836303710938e-02
1.212453842163085938e-02
1.151156425476074219e-02
1.159358024597167969e-02
1.204848289489746094e-02
1.211643218994140625e-02
1.336956024169921875e-02
1.166820526123046875e-02
1.241016387939453125e-02
1.236915588378906250e-02
1.204991340637207031e-02
1.270914077758789062e-02
1.123118400573730469e-02
1.050233840942382812e-02
1.286602020263671875e-02
1.197099685668945312e-02
1.157402992248535156e-02
1.130247116088867188e-02
1.209521293640136719e-02
1.131319999694824219e-02
1.128029823303222656e-02
1.160311698913574219e-02
9.756326675415039062e-03
1.112580299377441406e-02
1.190710067749023438e-02
1.180648803710937500e-02
1.096892356872558594e-02
1.224374771118164062e-02
1.251673698425292969e-02
1.115775108337402344e-02
1.212978363037109375e-02
1.198554039001464844e-02
1.232695579528808594e-02
1.196742057800292969e-02
1.184034347534179688e-02
1.220893859863281250e-02
9.994745254516601562e-03
1.074600219726562500e-02
1.118516921997070312e-02
1.120686531066894531e-02
1.173973083496093750e-02
1.207518577575683594e-02
1.262402534484863281e-02
1.143646240234375000e-02
1.218605041503906250e-02
1.240539550781250000e-02
1.164269447326660156e-02
1.193523406982421875e-02
1.194858551025390625e-02
1.106452941894531250e-02
1.166963577270507812e-02
1.171350479125976562e-02
1.265287399291992188e-02
1.197004318237304688e-02
1.228499412536621094e-02
1.189184188842773438e-02
1.164865493774414062e-02
1.202654838562011719e-02
1.159596443176269531e-02
1.194930076599121094e-02
1.254796981811523438e-02
1.221179962158203125e-02
1.265239715576171875e-02
1.295590400695800781e-02
1.241374015808105469e-02
1.302504539489746094e-02
1.217103004455566406e-02
1.208591461181640625e-02
1.256108283996582031e-02
1.197361946105957031e-02
1.055836677551269531e-02
1.135587692260742188e-02
1.233935356140136719e-02
1.111006736755371094e-02
1.138401031494140625e-02
1.287531852722167969e-02
1.232481002807617188e-02
1.173424720764160156e-02
1.182818412780761719e-02
1.173233985900878906e-02
1.277136802673339844e-02
1.200366020202636719e-02
1.254987716674804688e-02
1.197743415832519531e-02
1.197528839111328125e-02
1.214098930358886719e-02
1.239562034606933594e-02
1.251435279846191406e-02
1.213598251342773438e-02
1.215505599975585938e-02
1.163005828857421875e-02
1.168322563171386719e-02
1.142692565917968750e-02
1.074695587158203125e-02
1.136565208435058594e-02
1.118302345275878906e-02
1.076197624206542969e-02
1.089692115783691406e-02
1.054763793945312500e-02
1.085734367370605469e-02
1.104950904846191406e-02
1.043629646301269531e-02
1.074242591857910156e-02
1.200127601623535156e-02
1.082658767700195312e-02
1.214528083801269531e-02
1.216721534729003906e-02
1.120805740356445312e-02
1.197671890258789062e-02
1.261425018310546875e-02
1.274800300598144531e-02
1.152586936950683594e-02
1.105499267578125000e-02
1.154446601867675781e-02
1.257348060607910156e-02
1.197957992553710938e-02
1.126122474670410156e-02
1.112627983093261719e-02
1.090264320373535156e-02
1.074314117431640625e-02
1.002001762390136719e-02
1.036047935485839844e-02
1.131916046142578125e-02
1.155114173889160156e-02
1.127123832702636719e-02
1.165390014648437500e-02
1.262116432189941406e-02
1.147341728210449219e-02
1.231741905212402344e-02
1.170229911804199219e-02
1.107525825500488281e-02
1.131916046142578125e-02
1.210403442382812500e-02
1.193332672119140625e-02
1.129531860351562500e-02
1.119184494018554688e-02
1.018786430358886719e-02
1.154947280883789062e-02
1.022195816040039062e-02
1.084899902343750000e-02
1.174688339233398438e-02
1.042699813842773438e-02
1.231527328491210938e-02
1.124954223632812500e-02
1.213979721069335938e-02
1.302123069763183594e-02
1.086449623107910156e-02
1.171565055847167969e-02
1.179051399230957031e-02
1.039218902587890625e-02
1.015448570251464844e-02
1.054215431213378906e-02
1.121377944946289062e-02
1.167678833007812500e-02
1.124048233032226562e-02
1.083755493164062500e-02
1.176786422729492188e-02
1.129436492919921875e-02
1.035165786743164062e-02
1.214814186096191406e-02
1.120972633361816406e-02
1.218080520629882812e-02
1.022791862487792969e-02
1.116085052490234375e-02
1.190948486328125000e-02
1.182174682617187500e-02
1.090383529663085938e-02
1.195716857910156250e-02
1.112914085388183594e-02
1.017570495605468750e-02
1.133799552917480469e-02
1.190257072448730469e-02
1.086187362670898438e-02
1.219153404235839844e-02
1.282000541687011719e-02
1.135945320129394531e-02
1.077008247375488281e-02
1.123380661010742188e-02
1.101493835449218750e-02
1.169848442077636719e-02
1.133441925048828125e-02
1.156902313232421875e-02
1.134300231933593750e-02
1.170730590820312500e-02
1.180744171142578125e-02
1.167821884155273438e-02
1.107835769653320312e-02
1.220369338989257812e-02
1.225447654724121094e-02
1.141905784606933594e-02
1.271176338195800781e-02
1.205253601074218750e-02
1.226902008056640625e-02
1.099205017089843750e-02
1.232051849365234375e-02
1.168227195739746094e-02
1.193523406982421875e-02
1.200294494628906250e-02
1.192355155944824219e-02
1.229715347290039062e-02
1.233029365539550781e-02
1.109075546264648438e-02
1.178932189941406250e-02
1.139116287231445312e-02
1.075673103332519531e-02
1.134109497070312500e-02
1.289343833923339844e-02
1.201605796813964844e-02
1.283407211303710938e-02
1.260185241699218750e-02
1.267623901367187500e-02
1.284408569335937500e-02
1.272130012512207031e-02
1.277160644531250000e-02
1.216244697570800781e-02
1.263332366943359375e-02
1.180386543273925781e-02
1.262402534484863281e-02
1.252818107604980469e-02
1.285099983215332031e-02
1.247787475585937500e-02
1.153945922851562500e-02
1.098537445068359375e-02
1.201844215393066406e-02
1.103758811950683594e-02
1.171016693115234375e-02
1.156926155090332031e-02
1.234936714172363281e-02
1.303577423095703125e-02
1.192617416381835938e-02
1.208376884460449219e-02
1.294612884521484375e-02
1.209783554077148438e-02
1.313686370849609375e-02
1.255726814270019531e-02
1.217842102050781250e-02
1.266503334045410156e-02
1.228594779968261719e-02
1.125907897949218750e-02
1.130366325378417969e-02
1.265263557434082031e-02
1.195144653320312500e-02
1.255536079406738281e-02
1.127004623413085938e-02
1.196980476379394531e-02
1.230597496032714844e-02
1.308608055114746094e-02
1.300525665283203125e-02
1.149368286132812500e-02
1.251649856567382812e-02
1.243710517883300781e-02
1.251578330993652344e-02
1.187896728515625000e-02
1.197290420532226562e-02
1.143789291381835938e-02
1.188182830810546875e-02
1.157474517822265625e-02
1.121664047241210938e-02
1.086854934692382812e-02
1.135110855102539062e-02
1.248526573181152344e-02
1.099801063537597656e-02
1.132750511169433594e-02
1.293611526489257812e-02
1.243305206298828125e-02
1.290249824523925781e-02
1.170086860656738281e-02
1.208257675170898438e-02
1.297402381896972656e-02
1.249957084655761719e-02
1.188921928405761719e-02
1.095485687255859375e-02
1.174402236938476562e-02
1.121878623962402344e-02
1.037836074829101562e-02
1.045274734497070312e-02
1.200604438781738281e-02
1.025199890136718750e-02
1.141762733459472656e-02
1.102995872497558594e-02
1.099395751953125000e-02
1.234340667724609375e-02
1.149797439575195312e-02
1.188158988952636719e-02
1.153802871704101562e-02
1.181530952453613281e-02
1.157188415527343750e-02
