3.944000720977783203e+00
3.384113311767578125e-03
3.262996673583984375e-03
3.289699554443359375e-03
3.490447998046875000e-03
3.304481506347656250e-03
3.254413604736328125e-03
3.348112106323242188e-03
3.294229507446289062e-03
3.245353698730468750e-03
3.255128860473632812e-03
3.283977508544921875e-03
3.301382064819335938e-03
3.301858901977539062e-03
4.573106765747070312e-03
3.249883651733398438e-03
3.308057785034179688e-03
3.283023834228515625e-03
3.289937973022460938e-03
3.281116485595703125e-03
3.306627273559570312e-03
6.007671356201171875e-03
3.319025039672851562e-03
3.255844116210937500e-03
3.245115280151367188e-03
3.365516662597656250e-03
3.287792205810546875e-03
3.284215927124023438e-03
3.346681594848632812e-03
3.244876861572265625e-03
3.308296203613281250e-03
3.254652023315429688e-03
5.148410797119140625e-03
3.301382064819335938e-03
3.307342529296875000e-03
3.257274627685546875e-03
3.279447555541992188e-03
3.297328948974609375e-03
3.294467926025390625e-03
3.906488418579101562e-03
3.241777420043945312e-03
3.245830535888671875e-03
3.291606903076171875e-03
3.247737884521484375e-03
3.383398056030273438e-03
3.280162811279296875e-03
3.236055374145507812e-03
3.285884857177734375e-03
3.279685974121093750e-03
3.242015838623046875e-03
3.281116485595703125e-03
3.277540206909179688e-03
3.288030624389648438e-03
3.312587738037109375e-03
3.247976303100585938e-03
3.242015838623046875e-03
3.241539001464843750e-03
3.254652023315429688e-03
3.246545791625976562e-03
3.245592117309570312e-03
3.248691558837890625e-03
3.248691558837890625e-03
3.279209136962890625e-03
3.260135650634765625e-03
5.012273788452148438e-03
3.314733505249023438e-03
3.309726715087890625e-03
3.242492675781250000e-03
3.267765045166015625e-03
3.242015838623046875e-03
3.638982772827148438e-03
3.819704055786132812e-03
3.600835800170898438e-03
3.794670104980468750e-03
3.456592559814453125e-03
3.347396850585937500e-03
3.346443176269531250e-03
3.335475921630859375e-03
3.336906433105468750e-03
3.478288650512695312e-03
3.314495086669921875e-03
3.371953964233398438e-03
3.284931182861328125e-03
3.287553787231445312e-03
3.289461135864257812e-03
3.243446350097656250e-03
3.253698348999023438e-03
3.252744674682617188e-03
3.270149230957031250e-03
3.310680389404296875e-03
3.262042999267578125e-03
3.252744674682617188e-03
3.259420394897460938e-03
3.303766250610351562e-03
3.287315368652343750e-03
3.250360488891601562e-03
5.525350570678710938e-03
3.321647644042968750e-03
3.273725509643554688e-03
3.295898437500000000e-03
3.265142440795898438e-03
3.253698348999023438e-03
3.260374069213867188e-03
3.266572952270507812e-03
3.264665603637695312e-03
3.501653671264648438e-03
3.301858901977539062e-03
3.314495086669921875e-03
3.322124481201171875e-03
3.331184387207031250e-03
3.295660018920898438e-03
3.271102905273437500e-03
3.267526626586914062e-03
3.312826156616210938e-03
3.267049789428710938e-03
3.299236297607421875e-03
3.257513046264648438e-03
3.265380859375000000e-03
3.270149230957031250e-03
3.269672393798828125e-03
3.312826156616210938e-03
3.263711929321289062e-03
3.317117691040039062e-03
3.312826156616210938e-03
3.315448760986328125e-03
3.306865692138671875e-03
3.337860107421875000e-03
3.332138061523437500e-03
5.106687545776367188e-03
3.314256668090820312e-03
3.272294998168945312e-03
3.322124481201171875e-03
3.262758255004882812e-03
3.259897232055664062e-03
3.288269042968750000e-03
3.257989883422851562e-03
3.274202346801757812e-03
3.254890441894531250e-03
3.286600112915039062e-03
3.254890441894531250e-03
3.276348114013671875e-03
3.308534622192382812e-03
3.287315368652343750e-03
3.312349319458007812e-03
3.326416015625000000e-03
3.262042999267578125e-03
3.377199172973632812e-03
3.431320190429687500e-03
3.249883651733398438e-03
3.258943557739257812e-03
3.420114517211914062e-03
3.250122070312500000e-03
3.295660018920898438e-03
3.263950347900390625e-03
3.299951553344726562e-03
3.298282623291015625e-03
3.249168395996093750e-03
3.256559371948242188e-03
3.289222717285156250e-03
3.259181976318359375e-03
5.096435546875000000e-03
3.311634063720703125e-03
3.292798995971679688e-03
3.302574157714843750e-03
3.314018249511718750e-03
3.351211547851562500e-03
3.323078155517578125e-03
3.288984298706054688e-03
3.321170806884765625e-03
3.275871276855468750e-03
3.259420394897460938e-03
3.266811370849609375e-03
3.304958343505859375e-03
3.327369689941406250e-03
3.277301788330078125e-03
3.274202346801757812e-03
3.310203552246093750e-03
3.304004669189453125e-03
3.306150436401367188e-03
3.303766250610351562e-03
3.262758255004882812e-03
3.272056579589843750e-03
3.268003463745117188e-03
3.311634063720703125e-03
3.303766250610351562e-03
3.271579742431640625e-03
3.267288208007812500e-03
3.312349319458007812e-03
3.262042999267578125e-03
3.306150436401367188e-03
3.339290618896484375e-03
3.255605697631835938e-03
5.577802658081054688e-03
3.320455551147460938e-03
3.466129302978515625e-03
3.261566162109375000e-03
3.250837326049804688e-03
3.255128860473632812e-03
3.283977508544921875e-03
3.316640853881835938e-03
3.264188766479492188e-03
3.253936767578125000e-03
3.269910812377929688e-03
3.273010253906250000e-03
3.302812576293945312e-03
3.314495086669921875e-03
3.298282623291015625e-03
3.318548202514648438e-03
3.280162811279296875e-03
3.297567367553710938e-03
3.252029418945312500e-03
3.280162811279296875e-03
3.281116485595703125e-03
3.370046615600585938e-03
3.272771835327148438e-03
3.265857696533203125e-03
3.305196762084960938e-03
3.306150436401367188e-03
3.301620483398437500e-03
3.249883651733398438e-03
3.326416015625000000e-03
3.301382064819335938e-03
3.341197967529296875e-03
3.263950347900390625e-03
5.173921585083007812e-03
3.438711166381835938e-03
3.266811370849609375e-03
3.313779830932617188e-03
3.265619277954101562e-03
3.260374069213867188e-03
3.290414810180664062e-03
3.247022628784179688e-03
3.291845321655273438e-03
3.264188766479492188e-03
3.270387649536132812e-03
3.304481506347656250e-03
3.269672393798828125e-03
3.262996673583984375e-03
3.279924392700195312e-03
3.267765045166015625e-03
3.299474716186523438e-03
3.342390060424804688e-03
3.291845321655273438e-03
3.262996673583984375e-03
3.314733505249023438e-03
3.257989883422851562e-03
3.312110900878906250e-03
3.256082534790039062e-03
3.304719924926757812e-03
3.303527832031250000e-03
3.257036209106445312e-03
3.258228302001953125e-03
3.303289413452148438e-03
3.303527832031250000e-03
3.251552581787109375e-03
3.249406814575195312e-03
5.138397216796875000e-03
3.331661224365234375e-03
3.308057785034179688e-03
3.309011459350585938e-03
3.244876861572265625e-03
3.257513046264648438e-03
3.252029418945312500e-03
3.271818161010742188e-03
3.300428390502929688e-03
3.245830535888671875e-03
3.247737884521484375e-03
3.293514251708984375e-03
3.249645233154296875e-03
3.289699554443359375e-03
3.324508666992187500e-03
3.247737884521484375e-03
3.269910812377929688e-03
3.259897232055664062e-03
3.259897232055664062e-03
3.282546997070312500e-03
3.292322158813476562e-03
3.256320953369140625e-03
3.284931182861328125e-03
3.289222717285156250e-03
3.251314163208007812e-03
3.274679183959960938e-03
3.253459930419921875e-03
3.238439559936523438e-03
3.307819366455078125e-03
3.308534622192382812e-03
3.291368484497070312e-03
3.252506256103515625e-03
5.184173583984375000e-03
3.361701965332031250e-03
3.289461135864257812e-03
3.268480300903320312e-03
3.314495086669921875e-03
3.298521041870117188e-03
3.274440765380859375e-03
3.261804580688476562e-03
3.287315368652343750e-03
3.336906433105468750e-03
3.482818603515625000e-03
3.335714340209960938e-03
3.264665603637695312e-03
3.306388854980468750e-03
3.268718719482421875e-03
3.320217132568359375e-03
3.253221511840820312e-03
3.270387649536132812e-03
3.319263458251953125e-03
3.261566162109375000e-03
3.279209136962890625e-03
3.308773040771484375e-03
3.275394439697265625e-03
3.287553787231445312e-03
3.288745880126953125e-03
3.368139266967773438e-03
3.289699554443359375e-03
3.375768661499023438e-03
3.283739089965820312e-03
3.259420394897460938e-03
3.298521041870117188e-03
3.268480300903320312e-03
