1.385211944580078125e-02
1.280689239501953125e-02
1.226806640625000000e-02
1.207756996154785156e-02
1.193165779113769531e-02
1.177310943603515625e-02
1.171469688415527344e-02
1.171612739562988281e-02
1.167297363281250000e-02
1.167726516723632812e-02
1.171112060546875000e-02
1.165962219238281250e-02
1.163482666015625000e-02
1.184415817260742188e-02
1.163744926452636719e-02
1.167821884155273438e-02
1.158523559570312500e-02
1.161098480224609375e-02
1.160073280334472656e-02
1.158428192138671875e-02
1.177668571472167969e-02
1.160836219787597656e-02
1.169109344482421875e-02
1.156830787658691406e-02
1.162815093994140625e-02
1.160502433776855469e-02
1.154303550720214844e-02
1.155066490173339844e-02
1.160812377929687500e-02
1.157093048095703125e-02
1.154541969299316406e-02
1.157593727111816406e-02
1.160621643066406250e-02
1.185822486877441406e-02
1.157212257385253906e-02
1.160359382629394531e-02
1.150274276733398438e-02
1.158189773559570312e-02
1.170587539672851562e-02
1.173925399780273438e-02
1.153922080993652344e-02
1.155900955200195312e-02
1.151943206787109375e-02
1.155281066894531250e-02
1.152539253234863281e-02
1.160311698913574219e-02
1.151561737060546875e-02
1.160764694213867188e-02
1.155138015747070312e-02
1.163601875305175781e-02
1.156568527221679688e-02
1.163744926452636719e-02
1.152157783508300781e-02
1.163697242736816406e-02
1.171803474426269531e-02
1.156997680664062500e-02
1.152706146240234375e-02
1.154422760009765625e-02
1.151156425476074219e-02
1.155757904052734375e-02
1.150083541870117188e-02
1.159763336181640625e-02
1.148700714111328125e-02
1.157689094543457031e-02
1.193070411682128906e-02
1.154613494873046875e-02
1.155233383178710938e-02
1.155138015747070312e-02
1.154732704162597656e-02
1.161551475524902344e-02
1.197743415832519531e-02
1.154494285583496094e-02
1.173329353332519531e-02
1.179528236389160156e-02
1.181435585021972656e-02
1.171493530273437500e-02
1.172590255737304688e-02
1.204872131347656250e-02
1.152348518371582031e-02
1.156020164489746094e-02
1.156210899353027344e-02
1.154780387878417969e-02
1.151919364929199219e-02
1.215314865112304688e-02
1.168680191040039062e-02
1.153397560119628906e-02
1.220536231994628906e-02
1.154994964599609375e-02
1.158285140991210938e-02
1.158285140991210938e-02
1.199746131896972656e-02
1.159906387329101562e-02
1.159000396728515625e-02
1.161456108093261719e-02
1.166009902954101562e-02
1.158833503723144531e-02
1.191949844360351562e-02
1.153659820556640625e-02
1.160001754760742188e-02
1.159358024597167969e-02
1.156949996948242188e-02
1.151108741760253906e-02
1.168584823608398438e-02
1.306056976318359375e-02
1.313734054565429688e-02
1.165127754211425781e-02
1.156544685363769531e-02
1.153111457824707031e-02
1.151013374328613281e-02
1.172947883605957031e-02
1.166629791259765625e-02
1.220846176147460938e-02
1.156306266784667969e-02
1.160597801208496094e-02
1.154565811157226562e-02
1.159048080444335938e-02
1.151227951049804688e-02
1.191806793212890625e-02
1.159858703613281250e-02
1.171994209289550781e-02
1.150226593017578125e-02
1.159310340881347656e-02
1.150989532470703125e-02
1.156449317932128906e-02
1.214885711669921875e-02
1.150774955749511719e-02
1.160049438476562500e-02
1.154875755310058594e-02
1.157522201538085938e-02
1.155519485473632812e-02
1.165056228637695312e-02
1.155090332031250000e-02
1.148438453674316406e-02
1.151037216186523438e-02
1.154828071594238281e-02
1.150679588317871094e-02
1.147150993347167969e-02
1.207065582275390625e-02
1.153063774108886719e-02
1.156592369079589844e-02
1.151823997497558594e-02
1.160526275634765625e-02
1.163697242736816406e-02
1.156520843505859375e-02
1.155042648315429688e-02
1.152682304382324219e-02
1.174449920654296875e-02
1.152658462524414062e-02
1.155829429626464844e-02
1.177287101745605469e-02
1.206612586975097656e-02
1.174330711364746094e-02
1.173114776611328125e-02
1.157069206237792969e-02
1.150298118591308594e-02
1.152420043945312500e-02
1.159548759460449219e-02
1.156210899353027344e-02
1.153349876403808594e-02
1.173806190490722656e-02
1.152300834655761719e-02
1.171231269836425781e-02
1.148390769958496094e-02
1.218199729919433594e-02
1.154351234436035156e-02
1.152634620666503906e-02
1.167845726013183594e-02
1.149034500122070312e-02
1.156997680664062500e-02
1.152181625366210938e-02
1.150393486022949219e-02
1.149249076843261719e-02
1.150035858154296875e-02
1.168012619018554688e-02
1.155400276184082031e-02
1.152801513671875000e-02
1.201820373535156250e-02
1.151823997497558594e-02
1.156377792358398438e-02
1.152586936950683594e-02
1.152539253234863281e-02
1.171684265136718750e-02
1.150012016296386719e-02
1.157760620117187500e-02
1.153779029846191406e-02
1.149845123291015625e-02
1.147747039794921875e-02
1.153659820556640625e-02
1.150441169738769531e-02
1.206660270690917969e-02
1.153039932250976562e-02
1.153945922851562500e-02
1.157641410827636719e-02
1.171779632568359375e-02
1.154804229736328125e-02
1.155662536621093750e-02
1.154255867004394531e-02
1.147556304931640625e-02
1.157140731811523438e-02
1.152062416076660156e-02
3.416752815246582031e-02
3.208470344543457031e-02
2.071332931518554688e-02
2.604055404663085938e-02
2.200627326965332031e-02
1.872467994689941406e-02
2.300953865051269531e-02
1.967310905456542969e-02
1.941800117492675781e-02
2.332162857055664062e-02
2.255725860595703125e-02
2.003741264343261719e-02
2.149724960327148438e-02
2.213263511657714844e-02
2.247047424316406250e-02
2.339839935302734375e-02
2.009582519531250000e-02
2.386069297790527344e-02
1.793026924133300781e-02
2.138161659240722656e-02
1.818752288818359375e-02
1.765418052673339844e-02
1.913595199584960938e-02
1.910901069641113281e-02
1.755213737487792969e-02
1.998019218444824219e-02
1.886987686157226562e-02
1.739525794982910156e-02
1.910638809204101562e-02
1.902890205383300781e-02
1.908993721008300781e-02
1.818847656250000000e-02
2.055478096008300781e-02
2.037453651428222656e-02
1.960420608520507812e-02
2.000069618225097656e-02
2.100729942321777344e-02
2.060580253601074219e-02
2.137756347656250000e-02
1.987314224243164062e-02
1.627564430236816406e-02
1.899743080139160156e-02
2.140045166015625000e-02
1.878261566162109375e-02
1.824569702148437500e-02
2.065348625183105469e-02
1.957750320434570312e-02
1.894521713256835938e-02
1.866340637207031250e-02
1.862931251525878906e-02
1.977539062500000000e-02
1.892876625061035156e-02
2.019786834716796875e-02
1.971077919006347656e-02
2.274990081787109375e-02
2.310514450073242188e-02
1.955962181091308594e-02
2.057576179504394531e-02
1.884865760803222656e-02
2.209424972534179688e-02
2.074861526489257812e-02
2.010297775268554688e-02
2.059459686279296875e-02
2.055311203002929688e-02
2.170825004577636719e-02
1.983261108398437500e-02
1.706480979919433594e-02
1.934742927551269531e-02
1.747941970825195312e-02
1.879930496215820312e-02
1.964449882507324219e-02
2.209711074829101562e-02
1.911211013793945312e-02
1.832652091979980469e-02
1.880025863647460938e-02
1.937961578369140625e-02
2.034401893615722656e-02
1.965522766113281250e-02
2.090406417846679688e-02
1.769924163818359375e-02
2.143502235412597656e-02
2.118563652038574219e-02
1.866102218627929688e-02
2.096414566040039062e-02
2.025914192199707031e-02
1.960158348083496094e-02
1.845812797546386719e-02
1.924824714660644531e-02
1.823544502258300781e-02
1.971149444580078125e-02
2.085828781127929688e-02
1.732921600341796875e-02
1.704645156860351562e-02
1.775288581848144531e-02
1.824164390563964844e-02
1.654577255249023438e-02
1.726436614990234375e-02
1.933217048645019531e-02
1.802444458007812500e-02
1.836228370666503906e-02
1.799082756042480469e-02
1.868367195129394531e-02
1.746678352355957031e-02
1.893568038940429688e-02
1.865506172180175781e-02
1.940512657165527344e-02
1.987171173095703125e-02
1.849412918090820312e-02
1.915335655212402344e-02
1.780462265014648438e-02
1.842641830444335938e-02
1.677942276000976562e-02
1.686644554138183594e-02
1.816415786743164062e-02
1.713824272155761719e-02
1.421904563903808594e-02
2.073097229003906250e-02
1.931881904602050781e-02
1.764345169067382812e-02
1.709818840026855469e-02
1.571393013000488281e-02
1.885247230529785156e-02
1.981115341186523438e-02
1.966881752014160156e-02
2.396941184997558594e-02
1.995158195495605469e-02
2.177476882934570312e-02
2.055549621582031250e-02
1.934337615966796875e-02
1.865983009338378906e-02
1.971817016601562500e-02
1.835131645202636719e-02
1.946139335632324219e-02
1.943325996398925781e-02
1.771616935729980469e-02
1.724171638488769531e-02
1.845049858093261719e-02
1.994490623474121094e-02
1.465153694152832031e-02
1.907348632812500000e-02
2.006793022155761719e-02
1.662969589233398438e-02
2.131986618041992188e-02
2.377820014953613281e-02
2.453684806823730469e-02
2.161955833435058594e-02
2.168297767639160156e-02
2.079463005065917969e-02
1.999831199645996094e-02
1.796936988830566406e-02
1.949739456176757812e-02
2.135038375854492188e-02
1.949810981750488281e-02
1.769852638244628906e-02
1.856064796447753906e-02
2.021932601928710938e-02
2.088379859924316406e-02
1.889467239379882812e-02
1.816749572753906250e-02
1.674580574035644531e-02
1.786231994628906250e-02
1.821279525756835938e-02
2.009963989257812500e-02
2.025747299194335938e-02
2.065753936767578125e-02
1.977825164794921875e-02
1.896357536315917969e-02
1.755452156066894531e-02
1.828861236572265625e-02
1.968026161193847656e-02
2.069044113159179688e-02
2.025747299194335938e-02
2.106928825378417969e-02
2.022504806518554688e-02
1.955151557922363281e-02
1.993083953857421875e-02
1.797580718994140625e-02
2.031898498535156250e-02
1.982259750366210938e-02
2.038025856018066406e-02
1.974749565124511719e-02
1.865577697753906250e-02
1.995372772216796875e-02
1.862335205078125000e-02
1.828145980834960938e-02
2.053189277648925781e-02
1.998138427734375000e-02
1.681375503540039062e-02
2.114295959472656250e-02
1.957726478576660156e-02
1.832151412963867188e-02
2.080821990966796875e-02
2.094721794128417969e-02
1.943922042846679688e-02
2.109193801879882812e-02
1.937913894653320312e-02
2.127909660339355469e-02
1.932311058044433594e-02
1.665472984313964844e-02
2.025437355041503906e-02
4.051637649536132812e-02
2.980971336364746094e-02
2.597498893737792969e-02
2.020502090454101562e-02
1.882457733154296875e-02
2.265787124633789062e-02
1.985645294189453125e-02
1.756024360656738281e-02
1.622772216796875000e-02
1.798462867736816406e-02
1.577877998352050781e-02
1.736712455749511719e-02
2.051854133605957031e-02
1.667881011962890625e-02
1.847815513610839844e-02
1.973342895507812500e-02
2.015519142150878906e-02
2.036070823669433594e-02
1.654672622680664062e-02
1.897358894348144531e-02
2.059030532836914062e-02
1.985549926757812500e-02
2.211999893188476562e-02
1.848316192626953125e-02
2.045297622680664062e-02
1.703071594238281250e-02
1.556777954101562500e-02
1.780343055725097656e-02
1.823258399963378906e-02
1.936292648315429688e-02
1.597309112548828125e-02
1.910996437072753906e-02
1.928973197937011719e-02
1.759815216064453125e-02
1.811313629150390625e-02
1.860499382019042969e-02
1.917958259582519531e-02
2.152347564697265625e-02
1.961183547973632812e-02
1.998805999755859375e-02
1.916146278381347656e-02
1.818680763244628906e-02
1.815247535705566406e-02
1.857900619506835938e-02
1.575016975402832031e-02
1.750397682189941406e-02
1.967477798461914062e-02
2.077031135559082031e-02
1.988649368286132812e-02
1.912784576416015625e-02
2.049612998962402344e-02
1.936054229736328125e-02
2.015447616577148438e-02
2.111101150512695312e-02
1.910495758056640625e-02
1.926660537719726562e-02
2.043986320495605469e-02
2.059578895568847656e-02
2.094912528991699219e-02
1.812267303466796875e-02
1.842570304870605469e-02
1.854920387268066406e-02
1.691579818725585938e-02
1.671957969665527344e-02
1.512145996093750000e-02
1.692104339599609375e-02
1.606988906860351562e-02
1.551795005798339844e-02
1.718926429748535156e-02
1.814794540405273438e-02
1.873016357421875000e-02
1.880216598510742188e-02
1.654887199401855469e-02
1.913404464721679688e-02
1.855421066284179688e-02
1.949167251586914062e-02
1.919054985046386719e-02
1.866149902343750000e-02
1.909637451171875000e-02
1.950383186340332031e-02
1.936244964599609375e-02
1.811528205871582031e-02
2.047944068908691406e-02
1.769924163818359375e-02
1.713848114013671875e-02
1.747035980224609375e-02
1.786661148071289062e-02
1.776409149169921875e-02
1.772737503051757812e-02
1.798009872436523438e-02
1.944971084594726562e-02
1.768946647644042969e-02
2.015757560729980469e-02
1.943588256835937500e-02
1.706790924072265625e-02
1.869726181030273438e-02
1.955819129943847656e-02
1.996636390686035156e-02
2.184319496154785156e-02
1.977276802062988281e-02
1.952099800109863281e-02
1.692342758178710938e-02
1.927804946899414062e-02
1.804327964782714844e-02
1.946568489074707031e-02
1.957774162292480469e-02
1.787233352661132812e-02
1.916909217834472656e-02
1.900696754455566406e-02
1.878857612609863281e-02
2.178764343261718750e-02
2.114176750183105469e-02
2.273392677307128906e-02
1.976990699768066406e-02
2.069592475891113281e-02
1.877522468566894531e-02
2.269148826599121094e-02
1.943850517272949219e-02
1.716399192810058594e-02
2.147507667541503906e-02
1.825165748596191406e-02
1.632499694824218750e-02
1.660943031311035156e-02
1.901364326477050781e-02
1.769208908081054688e-02
1.774215698242187500e-02
1.723337173461914062e-02
2.102565765380859375e-02
1.935863494873046875e-02
2.005934715270996094e-02
2.170681953430175781e-02
2.060818672180175781e-02
1.906776428222656250e-02
2.201318740844726562e-02
2.124333381652832031e-02
2.623057365417480469e-02
2.142429351806640625e-02
2.097940444946289062e-02
1.774263381958007812e-02
1.930499076843261719e-02
1.890420913696289062e-02
1.836466789245605469e-02
1.782846450805664062e-02
1.647210121154785156e-02
2.017688751220703125e-02
1.681351661682128906e-02
1.920866966247558594e-02
2.058744430541992188e-02
1.805996894836425781e-02
1.927876472473144531e-02
1.927113533020019531e-02
1.825380325317382812e-02
1.921343803405761719e-02
1.941537857055664062e-02
1.917648315429687500e-02
1.903295516967773438e-02
1.975703239440917969e-02
2.119112014770507812e-02
2.147364616394042969e-02
2.286267280578613281e-02
1.858758926391601562e-02
1.944637298583984375e-02
1.942133903503417969e-02
1.898646354675292969e-02
2.011036872863769531e-02
2.111196517944335938e-02
1.898288726806640625e-02
1.916766166687011719e-02
2.020072937011718750e-02
2.094984054565429688e-02
1.851081848144531250e-02
1.735472679138183594e-02
1.766324043273925781e-02
1.842880249023437500e-02
2.045202255249023438e-02
1.978921890258789062e-02
1.953721046447753906e-02
1.743078231811523438e-02
1.933312416076660156e-02
2.053046226501464844e-02
1.880049705505371094e-02
1.765489578247070312e-02
1.799821853637695312e-02
2.029442787170410156e-02
2.016329765319824219e-02
1.924610137939453125e-02
2.128767967224121094e-02
1.945805549621582031e-02
1.928400993347167969e-02
1.904296875000000000e-02
1.761150360107421875e-02
1.736903190612792969e-02
1.735782623291015625e-02
2.049756050109863281e-02
1.968359947204589844e-02
1.956582069396972656e-02
2.066087722778320312e-02
1.977849006652832031e-02
1.720285415649414062e-02
1.599884033203125000e-02
3.811764717102050781e-02
2.565860748291015625e-02
3.050351142883300781e-02
2.438330650329589844e-02
3.119754791259765625e-02
2.530717849731445312e-02
2.515292167663574219e-02
2.326560020446777344e-02
2.614045143127441406e-02
2.575731277465820312e-02
2.415204048156738281e-02
2.954196929931640625e-02
2.320671081542968750e-02
2.327060699462890625e-02
2.355909347534179688e-02
2.169013023376464844e-02
2.294254302978515625e-02
2.193188667297363281e-02
2.310657501220703125e-02
2.300643920898437500e-02
2.625322341918945312e-02
2.375149726867675781e-02
2.418804168701171875e-02
2.549648284912109375e-02
2.506661415100097656e-02
2.280497550964355469e-02
2.561092376708984375e-02
2.650785446166992188e-02
2.209806442260742188e-02
2.511477470397949219e-02
2.855682373046875000e-02
2.754330635070800781e-02
2.260875701904296875e-02
2.128124237060546875e-02
2.166724205017089844e-02
2.251648902893066406e-02
2.092766761779785156e-02
1.837563514709472656e-02
1.823496818542480469e-02
1.817226409912109375e-02
2.043080329895019531e-02
2.071142196655273438e-02
1.932692527770996094e-02
1.778578758239746094e-02
2.176094055175781250e-02
2.223968505859375000e-02
1.869153976440429688e-02
2.056813240051269531e-02
2.242016792297363281e-02
1.709651947021484375e-02
2.467489242553710938e-02
2.134203910827636719e-02
2.069067955017089844e-02
1.692104339599609375e-02
1.805210113525390625e-02
1.941013336181640625e-02
1.816987991333007812e-02
2.009868621826171875e-02
1.892256736755371094e-02
2.043700218200683594e-02
1.780581474304199219e-02
1.926469802856445312e-02
2.076768875122070312e-02
1.723003387451171875e-02
2.128958702087402344e-02
1.948046684265136719e-02
2.106666564941406250e-02
2.339339256286621094e-02
2.159333229064941406e-02
1.614594459533691406e-02
1.783871650695800781e-02
2.293133735656738281e-02
2.045106887817382812e-02
2.012920379638671875e-02
2.043747901916503906e-02
2.280163764953613281e-02
1.940417289733886719e-02
1.823830604553222656e-02
1.894783973693847656e-02
2.136349678039550781e-02
1.894354820251464844e-02
2.014541625976562500e-02
1.862239837646484375e-02
2.036690711975097656e-02
1.977396011352539062e-02
1.956748962402343750e-02
1.982474327087402344e-02
1.983523368835449219e-02
1.907444000244140625e-02
2.326488494873046875e-02
2.108454704284667969e-02
1.975250244140625000e-02
1.991343498229980469e-02
1.738238334655761719e-02
1.997947692871093750e-02
1.852488517761230469e-02
1.943278312683105469e-02
1.928830146789550781e-02
2.026820182800292969e-02
2.030491828918457031e-02
1.856422424316406250e-02
2.462363243103027344e-02
2.011919021606445312e-02
1.966738700866699219e-02
1.809144020080566406e-02
1.788973808288574219e-02
1.823091506958007812e-02
1.957011222839355469e-02
1.881504058837890625e-02
1.908993721008300781e-02
1.778793334960937500e-02
1.907515525817871094e-02
1.506257057189941406e-02
1.803922653198242188e-02
1.840138435363769531e-02
1.728963851928710938e-02
2.003002166748046875e-02
1.628971099853515625e-02
2.346611022949218750e-02
1.706171035766601562e-02
1.798796653747558594e-02
1.921105384826660156e-02
1.852154731750488281e-02
2.014923095703125000e-02
1.996946334838867188e-02
1.977372169494628906e-02
1.874470710754394531e-02
1.836848258972167969e-02
2.128195762634277344e-02
1.710677146911621094e-02
1.997447013854980469e-02
2.096509933471679688e-02
2.117133140563964844e-02
1.755928993225097656e-02
1.953125000000000000e-02
2.017450332641601562e-02
1.805853843688964844e-02
1.810622215270996094e-02
2.020764350891113281e-02
1.791691780090332031e-02
1.817440986633300781e-02
1.719498634338378906e-02
1.920580863952636719e-02
1.872277259826660156e-02
1.382398605346679688e-02
2.170133590698242188e-02
2.188158035278320312e-02
2.072429656982421875e-02
1.978707313537597656e-02
2.056646347045898438e-02
2.000093460083007812e-02
2.225422859191894531e-02
2.005004882812500000e-02
1.955056190490722656e-02
2.203011512756347656e-02
1.988148689270019531e-02
2.082061767578125000e-02
1.929092407226562500e-02
1.846146583557128906e-02
2.105188369750976562e-02
2.039289474487304688e-02
1.630997657775878906e-02
1.649355888366699219e-02
1.935720443725585938e-02
2.083897590637207031e-02
1.974916458129882812e-02
2.016830444335937500e-02
1.940679550170898438e-02
1.941132545471191406e-02
2.101898193359375000e-02
2.125263214111328125e-02
1.911282539367675781e-02
2.004313468933105469e-02
1.975011825561523438e-02
2.360415458679199219e-02
1.931405067443847656e-02
2.052855491638183594e-02
2.247309684753417969e-02
2.109098434448242188e-02
1.720905303955078125e-02
1.884222030639648438e-02
1.884317398071289062e-02
1.723217964172363281e-02
1.681518554687500000e-02
1.935076713562011719e-02
1.936674118041992188e-02
1.689648628234863281e-02
2.053022384643554688e-02
2.016949653625488281e-02
1.881003379821777344e-02
1.914072036743164062e-02
1.947593688964843750e-02
1.941537857055664062e-02
2.111721038818359375e-02
1.888442039489746094e-02
1.980829238891601562e-02
1.919317245483398438e-02
2.102851867675781250e-02
2.199554443359375000e-02
2.001833915710449219e-02
3.305029869079589844e-02
2.498364448547363281e-02
1.735281944274902344e-02
2.172946929931640625e-02
1.865315437316894531e-02
1.572871208190917969e-02
1.818132400512695312e-02
1.810693740844726562e-02
1.761841773986816406e-02
1.746249198913574219e-02
1.984953880310058594e-02
2.187776565551757812e-02
1.873612403869628906e-02
1.909303665161132812e-02
2.028870582580566406e-02
2.123188972473144531e-02
2.074170112609863281e-02
2.260160446166992188e-02
2.120280265808105469e-02
2.062487602233886719e-02
1.811194419860839844e-02
1.884174346923828125e-02
1.645851135253906250e-02
1.787590980529785156e-02
1.811456680297851562e-02
1.539134979248046875e-02
1.779055595397949219e-02
1.504826545715332031e-02
1.674938201904296875e-02
1.762866973876953125e-02
1.916217803955078125e-02
1.872014999389648438e-02
1.930832862854003906e-02
2.043199539184570312e-02
2.195596694946289062e-02
2.107214927673339844e-02
2.150678634643554688e-02
2.175974845886230469e-02
1.871442794799804688e-02
1.858305931091308594e-02
1.782870292663574219e-02
1.877403259277343750e-02
1.716256141662597656e-02
2.152299880981445312e-02
2.119994163513183594e-02
1.376485824584960938e-02
1.691651344299316406e-02
1.678323745727539062e-02
1.600456237792968750e-02
1.818037033081054688e-02
2.144622802734375000e-02
1.881194114685058594e-02
1.884388923645019531e-02
2.088499069213867188e-02
2.021384239196777344e-02
2.143692970275878906e-02
2.206015586853027344e-02
1.906061172485351562e-02
2.218604087829589844e-02
1.753973960876464844e-02
2.062511444091796875e-02
1.761198043823242188e-02
2.227449417114257812e-02
1.959180831909179688e-02
2.031755447387695312e-02
1.812219619750976562e-02
1.907944679260253906e-02
1.953530311584472656e-02
1.713848114013671875e-02
2.013707160949707031e-02
1.757264137268066406e-02
1.952791213989257812e-02
1.866531372070312500e-02
2.061271667480468750e-02
1.928400993347167969e-02
1.756238937377929688e-02
2.445602416992187500e-02
2.135586738586425781e-02
2.038955688476562500e-02
2.086567878723144531e-02
2.036547660827636719e-02
1.924824714660644531e-02
1.723241806030273438e-02
1.976084709167480469e-02
1.876807212829589844e-02
2.099871635437011719e-02
2.235150337219238281e-02
1.868796348571777344e-02
1.920676231384277344e-02
2.252006530761718750e-02
1.897573471069335938e-02
2.083039283752441406e-02
1.949787139892578125e-02
1.891088485717773438e-02
1.802706718444824219e-02
1.751780509948730469e-02
1.717185974121093750e-02
2.001905441284179688e-02
1.768803596496582031e-02
2.230954170227050781e-02
2.001976966857910156e-02
1.636672019958496094e-02
1.903176307678222656e-02
2.012562751770019531e-02
1.757216453552246094e-02
1.869034767150878906e-02
1.951718330383300781e-02
2.088546752929687500e-02
1.913094520568847656e-02
1.816892623901367188e-02
1.958036422729492188e-02
2.131772041320800781e-02
1.508665084838867188e-02
2.016019821166992188e-02
1.552057266235351562e-02
1.814150810241699219e-02
2.057385444641113281e-02
1.993274688720703125e-02
2.083659172058105469e-02
1.895642280578613281e-02
2.232074737548828125e-02
1.999139785766601562e-02
1.862716674804687500e-02
1.980876922607421875e-02
1.955103874206542969e-02
2.206254005432128906e-02
1.885771751403808594e-02
1.714944839477539062e-02
1.868176460266113281e-02
1.844501495361328125e-02
1.963520050048828125e-02
1.642966270446777344e-02
1.965928077697753906e-02
1.895880699157714844e-02
1.900815963745117188e-02
1.957297325134277344e-02
2.075076103210449219e-02
2.029418945312500000e-02
1.750349998474121094e-02
1.983809471130371094e-02
1.947069168090820312e-02
1.854491233825683594e-02
2.024960517883300781e-02
1.933193206787109375e-02
1.873874664306640625e-02
1.872348785400390625e-02
1.853036880493164062e-02
1.899433135986328125e-02
1.950025558471679688e-02
1.893043518066406250e-02
1.776862144470214844e-02
1.906156539916992188e-02
1.828408241271972656e-02
1.849460601806640625e-02
1.386713981628417969e-02
1.865649223327636719e-02
2.003431320190429688e-02
2.124428749084472656e-02
2.106213569641113281e-02
1.929378509521484375e-02
1.886487007141113281e-02
1.984357833862304688e-02
1.836752891540527344e-02
1.900720596313476562e-02
1.721858978271484375e-02
1.774287223815917969e-02
1.836180686950683594e-02
1.808261871337890625e-02
1.867318153381347656e-02
1.606011390686035156e-02
1.731777191162109375e-02
1.765275001525878906e-02
1.583695411682128906e-02
1.994776725769042969e-02
1.933050155639648438e-02
1.723837852478027344e-02
1.931929588317871094e-02
1.531243324279785156e-02
1.796102523803710938e-02
2.056121826171875000e-02
1.900148391723632812e-02
1.715922355651855469e-02
2.026700973510742188e-02
1.703834533691406250e-02
1.850461959838867188e-02
1.925110816955566406e-02
1.850223541259765625e-02
2.002954483032226562e-02
1.788234710693359375e-02
1.538252830505371094e-02
1.773262023925781250e-02
1.773858070373535156e-02
1.800656318664550781e-02
1.755404472351074219e-02
2.109050750732421875e-02
1.696515083312988281e-02
1.966547966003417969e-02
1.874542236328125000e-02
1.922845840454101562e-02
1.736402511596679688e-02
3.836107254028320312e-02
3.097128868103027344e-02
2.377128601074218750e-02
2.713060379028320312e-02
2.679586410522460938e-02
2.573966979980468750e-02
2.424240112304687500e-02
2.552151679992675781e-02
2.569413185119628906e-02
2.447438240051269531e-02
2.762365341186523438e-02
3.198266029357910156e-02
2.801918983459472656e-02
2.250075340270996094e-02
2.626419067382812500e-02
2.422332763671875000e-02
2.589821815490722656e-02
2.639389038085937500e-02
2.649426460266113281e-02
2.278232574462890625e-02
2.933454513549804688e-02
2.340507507324218750e-02
2.778267860412597656e-02
2.555799484252929688e-02
2.508163452148437500e-02
2.343225479125976562e-02
2.553820610046386719e-02
2.523994445800781250e-02
2.656102180480957031e-02
2.778601646423339844e-02
3.022503852844238281e-02
2.724528312683105469e-02
2.231931686401367188e-02
2.160930633544921875e-02
2.435088157653808594e-02
2.053356170654296875e-02
1.984429359436035156e-02
1.808190345764160156e-02
2.569937705993652344e-02
1.992297172546386719e-02
2.474236488342285156e-02
2.187108993530273438e-02
2.319788932800292969e-02
2.103328704833984375e-02
1.949381828308105469e-02
1.819634437561035156e-02
2.214550971984863281e-02
1.945972442626953125e-02
2.195262908935546875e-02
2.069807052612304688e-02
2.187609672546386719e-02
2.074360847473144531e-02
1.857018470764160156e-02
1.857519149780273438e-02
1.896023750305175781e-02
1.794552803039550781e-02
1.916813850402832031e-02
2.089691162109375000e-02
2.037954330444335938e-02
1.857018470764160156e-02
1.920747756958007812e-02
2.138614654541015625e-02
2.352142333984375000e-02
1.746201515197753906e-02
1.859188079833984375e-02
1.929354667663574219e-02
1.813650131225585938e-02
1.789474487304687500e-02
1.988673210144042969e-02
1.792478561401367188e-02
1.849007606506347656e-02
1.920080184936523438e-02
1.940655708312988281e-02
1.878380775451660156e-02
2.054691314697265625e-02
2.182102203369140625e-02
2.181267738342285156e-02
2.067184448242187500e-02
1.919150352478027344e-02
1.851296424865722656e-02
2.025270462036132812e-02
1.862549781799316406e-02
1.880598068237304688e-02
1.845455169677734375e-02
1.945996284484863281e-02
1.938962936401367188e-02
1.933336257934570312e-02
2.015376091003417969e-02
1.916217803955078125e-02
1.977443695068359375e-02
2.017688751220703125e-02
1.850032806396484375e-02
1.965832710266113281e-02
1.941919326782226562e-02
1.984858512878417969e-02
2.273368835449218750e-02
2.252554893493652344e-02
2.165675163269042969e-02
2.086639404296875000e-02
1.968479156494140625e-02
1.839733123779296875e-02
2.151393890380859375e-02
1.900386810302734375e-02
2.007174491882324219e-02
2.107691764831542969e-02
1.821541786193847656e-02
1.791691780090332031e-02
1.955819129943847656e-02
1.655101776123046875e-02
2.091145515441894531e-02
2.053713798522949219e-02
2.354311943054199219e-02
2.132987976074218750e-02
2.199888229370117188e-02
2.267313003540039062e-02
2.267599105834960938e-02
2.090001106262207031e-02
2.311396598815917969e-02
1.798081398010253906e-02
2.038431167602539062e-02
2.212142944335937500e-02
1.938939094543457031e-02
1.929664611816406250e-02
1.895403861999511719e-02
1.893496513366699219e-02
1.856827735900878906e-02
1.543664932250976562e-02
1.728534698486328125e-02
1.654386520385742188e-02
1.779222488403320312e-02
2.123284339904785156e-02
1.825046539306640625e-02
2.148747444152832031e-02
2.008223533630371094e-02
2.134156227111816406e-02
2.263879776000976562e-02
1.917123794555664062e-02
2.362918853759765625e-02
2.043724060058593750e-02
1.862025260925292969e-02
2.027273178100585938e-02
2.003741264343261719e-02
1.991009712219238281e-02
1.916027069091796875e-02
1.642394065856933594e-02
2.135610580444335938e-02
1.647138595581054688e-02
1.665973663330078125e-02
1.635885238647460938e-02
1.629543304443359375e-02
2.144813537597656250e-02
1.818203926086425781e-02
1.667976379394531250e-02
1.958656311035156250e-02
1.811313629150390625e-02
2.056956291198730469e-02
2.234745025634765625e-02
2.470612525939941406e-02
2.316713333129882812e-02
2.231454849243164062e-02
2.137207984924316406e-02
2.175402641296386719e-02
2.021193504333496094e-02
2.073526382446289062e-02
1.985073089599609375e-02
1.728630065917968750e-02
1.899766921997070312e-02
2.392721176147460938e-02
2.001428604125976562e-02
1.882958412170410156e-02
1.923990249633789062e-02
1.996636390686035156e-02
1.937770843505859375e-02
1.802420616149902344e-02
1.980662345886230469e-02
2.177619934082031250e-02
1.993083953857421875e-02
1.822304725646972656e-02
2.327513694763183594e-02
2.296376228332519531e-02
1.842856407165527344e-02
1.810741424560546875e-02
1.755094528198242188e-02
1.699376106262207031e-02
2.011299133300781250e-02
1.815462112426757812e-02
1.949572563171386719e-02
1.939344406127929688e-02
1.939582824707031250e-02
1.921772956848144531e-02
1.935172080993652344e-02
2.145385742187500000e-02
1.733446121215820312e-02
1.800966262817382812e-02
2.028703689575195312e-02
2.176284790039062500e-02
1.739406585693359375e-02
2.119159698486328125e-02
2.121067047119140625e-02
2.036499977111816406e-02
4.015851020812988281e-02
3.056669235229492188e-02
2.384352684020996094e-02
2.105832099914550781e-02
2.295708656311035156e-02
1.974582672119140625e-02
1.922512054443359375e-02
2.093887329101562500e-02
1.889467239379882812e-02
1.949429512023925781e-02
1.932644844055175781e-02
1.990318298339843750e-02
1.867079734802246094e-02
1.970672607421875000e-02
1.890158653259277344e-02
1.782679557800292969e-02
1.991748809814453125e-02
1.734185218811035156e-02
1.684880256652832031e-02
2.029347419738769531e-02
2.035737037658691406e-02
1.918363571166992188e-02
2.087450027465820312e-02
2.016115188598632812e-02
2.098989486694335938e-02
2.084279060363769531e-02
1.860427856445312500e-02
1.842403411865234375e-02
1.698827743530273438e-02
1.847529411315917969e-02
1.821780204772949219e-02
1.961183547973632812e-02
1.898431777954101562e-02
2.022433280944824219e-02
1.903986930847167969e-02
2.052736282348632812e-02
1.911330223083496094e-02
1.859021186828613281e-02
2.062463760375976562e-02
1.679778099060058594e-02
2.084088325500488281e-02
1.918745040893554688e-02
1.813960075378417969e-02
1.994872093200683594e-02
1.808786392211914062e-02
1.805353164672851562e-02
1.765012741088867188e-02
1.857733726501464844e-02
1.978850364685058594e-02
1.809978485107421875e-02
1.920485496520996094e-02
1.985526084899902344e-02
2.011442184448242188e-02
2.012157440185546875e-02
2.020263671875000000e-02
1.771521568298339844e-02
1.931476593017578125e-02
2.052545547485351562e-02
1.894903182983398438e-02
1.971721649169921875e-02
1.992869377136230469e-02
1.911759376525878906e-02
2.033281326293945312e-02
2.115559577941894531e-02
1.845717430114746094e-02
1.739716529846191406e-02
2.146768569946289062e-02
1.919388771057128906e-02
2.016925811767578125e-02
2.002263069152832031e-02
1.748585700988769531e-02
1.865220069885253906e-02
1.758146286010742188e-02
1.794266700744628906e-02
1.745843887329101562e-02
1.876139640808105469e-02
1.670980453491210938e-02
2.013063430786132812e-02
1.971673965454101562e-02
1.997852325439453125e-02
1.800394058227539062e-02
2.039289474487304688e-02
1.730251312255859375e-02
1.920962333679199219e-02
1.852273941040039062e-02
1.994013786315917969e-02
1.931881904602050781e-02
1.957106590270996094e-02
1.929211616516113281e-02
2.033495903015136719e-02
1.882195472717285156e-02
1.754665374755859375e-02
2.028441429138183594e-02
1.855421066284179688e-02
1.959848403930664062e-02
1.825547218322753906e-02
1.689624786376953125e-02
1.810836791992187500e-02
1.847648620605468750e-02
1.707386970520019531e-02
2.171492576599121094e-02
1.960992813110351562e-02
1.841831207275390625e-02
1.717734336853027344e-02
1.887750625610351562e-02
1.820230484008789062e-02
2.181291580200195312e-02
1.919579505920410156e-02
2.183914184570312500e-02
1.973199844360351562e-02
1.798415184020996094e-02
2.152848243713378906e-02
1.931405067443847656e-02
1.756477355957031250e-02
1.952576637268066406e-02
2.273654937744140625e-02
1.687550544738769531e-02
1.880836486816406250e-02
1.808762550354003906e-02
1.788377761840820312e-02
2.011275291442871094e-02
1.882100105285644531e-02
1.719427108764648438e-02
1.984477043151855469e-02
1.769113540649414062e-02
1.896357536315917969e-02
1.977086067199707031e-02
2.368712425231933594e-02
2.209138870239257812e-02
1.934123039245605469e-02
1.978659629821777344e-02
1.996660232543945312e-02
1.957488059997558594e-02
1.894593238830566406e-02
1.722812652587890625e-02
1.964282989501953125e-02
1.927447319030761719e-02
1.981973648071289062e-02
1.943325996398925781e-02
1.802110671997070312e-02
1.878428459167480469e-02
1.963973045349121094e-02
1.689100265502929688e-02
1.816368103027343750e-02
1.832151412963867188e-02
2.116608619689941406e-02
1.744270324707031250e-02
1.736044883728027344e-02
1.907181739807128906e-02
2.118372917175292969e-02
2.107954025268554688e-02
1.683187484741210938e-02
2.071905136108398438e-02
1.864957809448242188e-02
1.964235305786132812e-02
1.839494705200195312e-02
1.883292198181152344e-02
1.998829841613769531e-02
1.940107345581054688e-02
1.908922195434570312e-02
1.613855361938476562e-02
1.703810691833496094e-02
1.879835128784179688e-02
1.602101325988769531e-02
1.632332801818847656e-02
1.678395271301269531e-02
1.788592338562011719e-02
1.297569274902343750e-02
2.003979682922363281e-02
1.789021492004394531e-02
2.106475830078125000e-02
2.056670188903808594e-02
1.820421218872070312e-02
1.851797103881835938e-02
1.915240287780761719e-02
1.997613906860351562e-02
1.950049400329589844e-02
2.086734771728515625e-02
2.041006088256835938e-02
1.893305778503417969e-02
1.905751228332519531e-02
1.892304420471191406e-02
1.795268058776855469e-02
1.890110969543457031e-02
1.833271980285644531e-02
1.746702194213867188e-02
1.778817176818847656e-02
1.647305488586425781e-02
2.004551887512207031e-02
2.040147781372070312e-02
1.896643638610839844e-02
1.831388473510742188e-02
2.109551429748535156e-02
1.965308189392089844e-02
1.751565933227539062e-02
2.042174339294433594e-02
2.088499069213867188e-02
1.858258247375488281e-02
1.790213584899902344e-02
1.839041709899902344e-02
3.605675697326660156e-02
2.852773666381835938e-02
1.835942268371582031e-02
1.941704750061035156e-02
1.857352256774902344e-02
1.819944381713867188e-02
2.076196670532226562e-02
1.959776878356933594e-02
2.140378952026367188e-02
2.094984054565429688e-02
2.149605751037597656e-02
2.024006843566894531e-02
1.830148696899414062e-02
2.001595497131347656e-02
1.873111724853515625e-02
1.836776733398437500e-02
2.143239974975585938e-02
2.101373672485351562e-02
2.155232429504394531e-02
2.023911476135253906e-02
2.000880241394042969e-02
1.774358749389648438e-02
1.944804191589355469e-02
2.177000045776367188e-02
1.880502700805664062e-02
2.015066146850585938e-02
1.908683776855468750e-02
1.943111419677734375e-02
1.949691772460937500e-02
1.890134811401367188e-02
2.003216743469238281e-02
2.178525924682617188e-02
2.074861526489257812e-02
1.754999160766601562e-02
1.796507835388183594e-02
1.606869697570800781e-02
2.020668983459472656e-02
1.863503456115722656e-02
1.869988441467285156e-02
1.862907409667968750e-02
1.778697967529296875e-02
1.844859123229980469e-02
2.012109756469726562e-02
1.983404159545898438e-02
2.033925056457519531e-02
1.975750923156738281e-02
1.702666282653808594e-02
1.903963088989257812e-02
1.836538314819335938e-02
2.011132240295410156e-02
2.409648895263671875e-02
1.932764053344726562e-02
1.622128486633300781e-02
1.956033706665039062e-02
1.760554313659667969e-02
1.917457580566406250e-02
2.122974395751953125e-02
1.818275451660156250e-02
1.925492286682128906e-02
2.036786079406738281e-02
1.929664611816406250e-02
2.103471755981445312e-02
2.029275894165039062e-02
1.990938186645507812e-02
1.922369003295898438e-02
1.772117614746093750e-02
1.766967773437500000e-02
1.907920837402343750e-02
1.890087127685546875e-02
1.812362670898437500e-02
1.872396469116210938e-02
1.856946945190429688e-02
2.009177207946777344e-02
1.911997795104980469e-02
1.792287826538085938e-02
1.792526245117187500e-02
2.101182937622070312e-02
2.063870429992675781e-02
1.883959770202636719e-02
2.273035049438476562e-02
1.935291290283203125e-02
1.757836341857910156e-02
1.953530311584472656e-02
1.839280128479003906e-02
1.874423027038574219e-02
2.036166191101074219e-02
1.724767684936523438e-02
1.804995536804199219e-02
1.773762702941894531e-02
1.774883270263671875e-02
1.883387565612792969e-02
1.767992973327636719e-02
1.770544052124023438e-02
1.746797561645507812e-02
1.756691932678222656e-02
1.989841461181640625e-02
2.011942863464355469e-02
2.275109291076660156e-02
2.024149894714355469e-02
2.034401893615722656e-02
1.908397674560546875e-02
1.881337165832519531e-02
1.605081558227539062e-02
1.792955398559570312e-02
1.873660087585449219e-02
1.919865608215332031e-02
1.941633224487304688e-02
1.666784286499023438e-02
1.612019538879394531e-02
1.711034774780273438e-02
1.857042312622070312e-02
2.130794525146484375e-02
1.879024505615234375e-02
1.771283149719238281e-02
1.743626594543457031e-02
1.553583145141601562e-02
1.835966110229492188e-02
1.986765861511230469e-02
2.049732208251953125e-02
1.703071594238281250e-02
2.044391632080078125e-02
1.840162277221679688e-02
1.791000366210937500e-02
1.932406425476074219e-02
1.623225212097167969e-02
1.705646514892578125e-02
1.780939102172851562e-02
1.425957679748535156e-02
1.983284950256347656e-02
1.798200607299804688e-02
1.580810546875000000e-02
1.697659492492675781e-02
1.888227462768554688e-02
2.003240585327148438e-02
1.806712150573730469e-02
2.075433731079101562e-02
2.032637596130371094e-02
2.036285400390625000e-02
1.862835884094238281e-02
2.004671096801757812e-02
1.883602142333984375e-02
2.180981636047363281e-02
2.108359336853027344e-02
2.313375473022460938e-02
1.778721809387207031e-02
1.894116401672363281e-02
2.016544342041015625e-02
1.792430877685546875e-02
1.816463470458984375e-02
1.908755302429199219e-02
2.044320106506347656e-02
1.743769645690917969e-02
2.075791358947753906e-02
2.083897590637207031e-02
1.926660537719726562e-02
1.767587661743164062e-02
1.796197891235351562e-02
1.720070838928222656e-02
1.745748519897460938e-02
1.909303665161132812e-02
1.987457275390625000e-02
1.927447319030761719e-02
2.243113517761230469e-02
1.846385002136230469e-02
1.858782768249511719e-02
1.828145980834960938e-02
2.040529251098632812e-02
2.032732963562011719e-02
1.835966110229492188e-02
1.854133605957031250e-02
1.881170272827148438e-02
1.967334747314453125e-02
2.021479606628417969e-02
1.895380020141601562e-02
1.811909675598144531e-02
1.882266998291015625e-02
1.476144790649414062e-02
1.869392395019531250e-02
1.725554466247558594e-02
1.818752288818359375e-02
1.832389831542968750e-02
2.053689956665039062e-02
2.016925811767578125e-02
1.890373229980468750e-02
2.129912376403808594e-02
1.869630813598632812e-02
1.846027374267578125e-02
2.599024772644042969e-02
2.066779136657714844e-02
2.165913581848144531e-02
1.762700080871582031e-02
1.980757713317871094e-02
1.840853691101074219e-02
1.940727233886718750e-02
2.116680145263671875e-02
1.879286766052246094e-02
1.959133148193359375e-02
1.803040504455566406e-02
1.699090003967285156e-02
1.902008056640625000e-02
2.892184257507324219e-02
2.325582504272460938e-02
2.221274375915527344e-02
1.905035972595214844e-02
1.864624023437500000e-02
1.682615280151367188e-02
1.641225814819335938e-02
1.921892166137695312e-02
1.878643035888671875e-02
2.126193046569824219e-02
2.048873901367187500e-02
1.901769638061523438e-02
1.973509788513183594e-02
2.013039588928222656e-02
1.781868934631347656e-02
1.930165290832519531e-02
1.847338676452636719e-02
1.919341087341308594e-02
1.845502853393554688e-02
1.700019836425781250e-02
1.872110366821289062e-02
1.646113395690917969e-02
1.795721054077148438e-02
1.868033409118652344e-02
1.635265350341796875e-02
1.916408538818359375e-02
1.885604858398437500e-02
1.946616172790527344e-02
2.019453048706054688e-02
1.922202110290527344e-02
2.311372756958007812e-02
2.003788948059082031e-02
2.070116996765136719e-02
1.845741271972656250e-02
1.708102226257324219e-02
2.006483078002929688e-02
1.804995536804199219e-02
1.927256584167480469e-02
1.603651046752929688e-02
1.722645759582519531e-02
1.567316055297851562e-02
1.479434967041015625e-02
1.827454566955566406e-02
1.737904548645019531e-02
1.733613014221191406e-02
2.006983757019042969e-02
2.026319503784179688e-02
1.874494552612304688e-02
2.092218399047851562e-02
1.789140701293945312e-02
2.095317840576171875e-02
2.119827270507812500e-02
1.544356346130371094e-02
2.019143104553222656e-02
2.268028259277343750e-02
1.663517951965332031e-02
1.714611053466796875e-02
1.737213134765625000e-02
1.834464073181152344e-02
1.865553855895996094e-02
1.873350143432617188e-02
1.853156089782714844e-02
1.609492301940917969e-02
1.660990715026855469e-02
1.942944526672363281e-02
2.013397216796875000e-02
2.075028419494628906e-02
2.076482772827148438e-02
2.308392524719238281e-02
2.061533927917480469e-02
1.943564414978027344e-02
1.745080947875976562e-02
1.775074005126953125e-02
1.885247230529785156e-02
1.829314231872558594e-02
1.859569549560546875e-02
2.035951614379882812e-02
1.688146591186523438e-02
1.881909370422363281e-02
1.844191551208496094e-02
1.620435714721679688e-02
1.913905143737792969e-02
1.964139938354492188e-02
1.867270469665527344e-02
1.695013046264648438e-02
1.840734481811523438e-02
2.117204666137695312e-02
1.964139938354492188e-02
2.024865150451660156e-02
1.809287071228027344e-02
2.176737785339355469e-02
1.908731460571289062e-02
2.124691009521484375e-02
2.019858360290527344e-02
1.568055152893066406e-02
2.071261405944824219e-02
1.978492736816406250e-02
2.086567878723144531e-02
2.312040328979492188e-02
1.983189582824707031e-02
2.438282966613769531e-02
1.999282836914062500e-02
1.669311523437500000e-02
1.771926879882812500e-02
2.054929733276367188e-02
1.805806159973144531e-02
1.990818977355957031e-02
2.369880676269531250e-02
1.703572273254394531e-02
1.967597007751464844e-02
2.079606056213378906e-02
2.026534080505371094e-02
1.923227310180664062e-02
1.906514167785644531e-02
1.961064338684082031e-02
1.864981651306152344e-02
1.895332336425781250e-02
1.961922645568847656e-02
2.102303504943847656e-02
2.475571632385253906e-02
1.839780807495117188e-02
2.040219306945800781e-02
2.207088470458984375e-02
1.980090141296386719e-02
2.053427696228027344e-02
1.784729957580566406e-02
1.632261276245117188e-02
2.278041839599609375e-02
1.931667327880859375e-02
1.949238777160644531e-02
1.783967018127441406e-02
2.006435394287109375e-02
1.773715019226074219e-02
1.754426956176757812e-02
1.849079132080078125e-02
1.463413238525390625e-02
1.762723922729492188e-02
1.926398277282714844e-02
1.887750625610351562e-02
1.692271232604980469e-02
2.020740509033203125e-02
2.016520500183105469e-02
1.768898963928222656e-02
1.993918418884277344e-02
1.877188682556152344e-02
1.998186111450195312e-02
1.883292198181152344e-02
1.906371116638183594e-02
1.940369606018066406e-02
1.512479782104492188e-02
1.686620712280273438e-02
1.749634742736816406e-02
1.839709281921386719e-02
1.867270469665527344e-02
1.910614967346191406e-02
2.053403854370117188e-02
1.797008514404296875e-02
1.967811584472656250e-02
1.968693733215332031e-02
1.840281486511230469e-02
1.983904838562011719e-02
1.975321769714355469e-02
1.791095733642578125e-02
1.827979087829589844e-02
1.871347427368164062e-02
2.077889442443847656e-02
1.907658576965332031e-02
1.990985870361328125e-02
1.886677742004394531e-02
1.844286918640136719e-02
2.075242996215820312e-02
1.947975158691406250e-02
1.952576637268066406e-02
2.045273780822753906e-02
2.000570297241210938e-02
2.062368392944335938e-02
2.114415168762207031e-02
2.119612693786621094e-02
2.315235137939453125e-02
2.019000053405761719e-02
1.982927322387695312e-02
2.033853530883789062e-02
1.939773559570312500e-02
1.694226264953613281e-02
1.900982856750488281e-02
2.051496505737304688e-02
1.766800880432128906e-02
1.903748512268066406e-02
2.170586585998535156e-02
2.123403549194335938e-02
1.924991607666015625e-02
1.912617683410644531e-02
1.895594596862792969e-02
2.127027511596679688e-02
1.937603950500488281e-02
2.027130126953125000e-02
2.077150344848632812e-02
1.959943771362304688e-02
2.009391784667968750e-02
2.085995674133300781e-02
4.308819770812988281e-02
2.480626106262207031e-02
2.419972419738769531e-02
1.926231384277343750e-02
2.078461647033691406e-02
1.898050308227539062e-02
1.682400703430175781e-02
1.795005798339843750e-02
1.870512962341308594e-02
1.785349845886230469e-02
1.835107803344726562e-02
1.725006103515625000e-02
1.733493804931640625e-02
1.753735542297363281e-02
1.603674888610839844e-02
1.684904098510742188e-02
2.265930175781250000e-02
1.728320121765136719e-02
2.219104766845703125e-02
1.988339424133300781e-02
1.815223693847656250e-02
1.919984817504882812e-02
2.129817008972167969e-02
2.316379547119140625e-02
1.902484893798828125e-02
1.710772514343261719e-02
1.816296577453613281e-02
2.068257331848144531e-02
1.933383941650390625e-02
1.801466941833496094e-02
1.746678352355957031e-02
1.701879501342773438e-02
1.686477661132812500e-02
1.514005661010742188e-02
1.580476760864257812e-02
1.939773559570312500e-02
1.845049858093261719e-02
1.772928237915039062e-02
1.864838600158691406e-02
2.072262763977050781e-02
1.811909675598144531e-02
2.055835723876953125e-02
2.014040946960449219e-02
1.704788208007812500e-02
1.969432830810546875e-02
2.019548416137695312e-02
1.987195014953613281e-02
1.788139343261718750e-02
1.803660392761230469e-02
1.607346534729003906e-02
1.880359649658203125e-02
1.565003395080566406e-02
1.697254180908203125e-02
1.842164993286132812e-02
1.599287986755371094e-02
2.070736885070800781e-02
1.770710945129394531e-02
1.964712142944335938e-02
2.132582664489746094e-02
1.700305938720703125e-02
1.862096786499023438e-02
1.866531372070312500e-02
1.628160476684570312e-02
1.526594161987304688e-02
1.613283157348632812e-02
1.795840263366699219e-02
1.875853538513183594e-02
2.116465568542480469e-02
1.764965057373046875e-02
1.904320716857910156e-02
1.770567893981933594e-02
1.568508148193359375e-02
1.883316040039062500e-02
1.751637458801269531e-02
1.933240890502929688e-02
1.566457748413085938e-02
1.747441291809082031e-02
1.885390281677246094e-02
1.841711997985839844e-02
1.713848114013671875e-02
2.059698104858398438e-02
1.783275604248046875e-02
1.591348648071289062e-02
1.800727844238281250e-02
1.950764656066894531e-02
1.672315597534179688e-02
1.940917968750000000e-02
2.017521858215332031e-02
1.767516136169433594e-02
1.687335968017578125e-02
1.780819892883300781e-02
1.735877990722656250e-02
1.850962638854980469e-02
1.870918273925781250e-02
1.853084564208984375e-02
1.846671104431152344e-02
1.875019073486328125e-02
1.894116401672363281e-02
1.881003379821777344e-02
1.747107505798339844e-02
2.075386047363281250e-02
1.990246772766113281e-02
1.820445060729980469e-02
2.144694328308105469e-02
1.970195770263671875e-02
1.978063583374023438e-02
1.873874664306640625e-02
2.031874656677246094e-02
1.974654197692871094e-02
1.934123039245605469e-02
1.946783065795898438e-02
1.933073997497558594e-02
1.968574523925781250e-02
2.128052711486816406e-02
1.834702491760253906e-02
1.890921592712402344e-02
1.771187782287597656e-02
1.723027229309082031e-02
1.784992218017578125e-02
2.129793167114257812e-02
2.096533775329589844e-02
2.167677879333496094e-02
2.079200744628906250e-02
2.135920524597167969e-02
2.113246917724609375e-02
2.105712890625000000e-02
2.204775810241699219e-02
2.077054977416992188e-02
2.140283584594726562e-02
1.891183853149414062e-02
2.042865753173828125e-02
2.017426490783691406e-02
2.286887168884277344e-02
2.052545547485351562e-02
1.894307136535644531e-02
1.700472831726074219e-02
1.973247528076171875e-02
1.788878440856933594e-02
1.900935173034667969e-02
1.954793930053710938e-02
2.067017555236816406e-02
2.179503440856933594e-02
1.977205276489257812e-02
2.052950859069824219e-02
2.163934707641601562e-02
2.104043960571289062e-02
2.253413200378417969e-02
2.082991600036621094e-02
1.984262466430664062e-02
2.154445648193359375e-02
1.971983909606933594e-02
1.908540725708007812e-02
1.845169067382812500e-02
2.125072479248046875e-02
1.903462409973144531e-02
2.105188369750976562e-02
1.776933670043945312e-02
1.939582824707031250e-02
2.154898643493652344e-02
2.309632301330566406e-02
2.143335342407226562e-02
1.829576492309570312e-02
2.064967155456542969e-02
2.058506011962890625e-02
2.137780189514160156e-02
1.851606369018554688e-02
1.895713806152343750e-02
1.829862594604492188e-02
1.902413368225097656e-02
1.880216598510742188e-02
1.765346527099609375e-02
1.777935028076171875e-02
1.823639869689941406e-02
2.019357681274414062e-02
1.718688011169433594e-02
1.762294769287109375e-02
2.119493484497070312e-02
1.988983154296875000e-02
2.351236343383789062e-02
1.888751983642578125e-02
2.008748054504394531e-02
2.215194702148437500e-02
2.095079421997070312e-02
1.963019371032714844e-02
1.818299293518066406e-02
1.921415328979492188e-02
1.867103576660156250e-02
1.632523536682128906e-02
1.618337631225585938e-02
1.996374130249023438e-02
1.566910743713378906e-02
1.926231384277343750e-02
1.760578155517578125e-02
1.833558082580566406e-02
2.072525024414062500e-02
1.833701133728027344e-02
1.929903030395507812e-02
1.809191703796386719e-02
2.043676376342773438e-02
1.862382888793945312e-02
