1.141493320465087891e-01
5.592203140258789062e-02
5.590915679931640625e-02
5.270385742187500000e-02
4.854249954223632812e-02
5.491995811462402344e-02
4.842996597290039062e-02
4.332447052001953125e-02
5.268263816833496094e-02
4.551458358764648438e-02
5.053663253784179688e-02
4.365706443786621094e-02
4.624366760253906250e-02
5.228090286254882812e-02
4.584407806396484375e-02
4.625558853149414062e-02
4.857087135314941406e-02
5.066061019897460938e-02
4.941105842590332031e-02
4.569435119628906250e-02
5.182194709777832031e-02
4.756116867065429688e-02
5.085301399230957031e-02
5.369043350219726562e-02
4.947209358215332031e-02
6.401157379150390625e-02
4.952096939086914062e-02
4.965806007385253906e-02
4.971766471862792969e-02
4.648256301879882812e-02
5.306410789489746094e-02
5.108141899108886719e-02
7.081556320190429688e-02
4.700732231140136719e-02
4.883027076721191406e-02
5.209660530090332031e-02
4.260993003845214844e-02
4.848051071166992188e-02
5.229210853576660156e-02
4.746627807617187500e-02
4.590415954589843750e-02
4.401588439941406250e-02
5.213618278503417969e-02
4.798102378845214844e-02
5.460691452026367188e-02
4.419374465942382812e-02
4.785704612731933594e-02
4.764604568481445312e-02
4.779243469238281250e-02
4.546332359313964844e-02
4.851222038269042969e-02
4.748725891113281250e-02
4.559421539306640625e-02
4.604887962341308594e-02
4.532933235168457031e-02
4.613304138183593750e-02
4.715561866760253906e-02
4.264020919799804688e-02
4.989242553710937500e-02
4.357194900512695312e-02
4.664540290832519531e-02
4.719448089599609375e-02
4.621434211730957031e-02
4.649925231933593750e-02
6.850481033325195312e-02
5.405926704406738281e-02
4.556965827941894531e-02
4.614782333374023438e-02
5.128788948059082031e-02
5.410337448120117188e-02
5.070304870605468750e-02
5.361080169677734375e-02
5.387520790100097656e-02
6.090903282165527344e-02
6.163835525512695312e-02
6.438922882080078125e-02
6.552481651306152344e-02
6.548595428466796875e-02
6.302666664123535156e-02
6.474757194519042969e-02
6.494927406311035156e-02
5.408120155334472656e-02
5.982565879821777344e-02
4.654550552368164062e-02
5.181121826171875000e-02
4.678821563720703125e-02
4.454493522644042969e-02
5.101203918457031250e-02
4.321980476379394531e-02
5.464816093444824219e-02
4.757428169250488281e-02
5.062747001647949219e-02
4.804015159606933594e-02
4.868888854980468750e-02
5.362749099731445312e-02
4.762053489685058594e-02
9.331512451171875000e-02
6.742811203002929688e-02
5.028796195983886719e-02
7.192277908325195312e-02
5.842518806457519531e-02
6.553483009338378906e-02
6.274962425231933594e-02
6.271266937255859375e-02
6.769442558288574219e-02
7.317256927490234375e-02
5.087947845458984375e-02
5.156278610229492188e-02
5.075669288635253906e-02
5.249190330505371094e-02
4.894399642944335938e-02
5.522942543029785156e-02
4.637932777404785156e-02
5.013608932495117188e-02
5.211377143859863281e-02
4.669570922851562500e-02
4.787397384643554688e-02
4.861545562744140625e-02
5.437850952148437500e-02
4.945921897888183594e-02
4.883503913879394531e-02
4.917263984680175781e-02
5.047535896301269531e-02
4.941678047180175781e-02
5.075693130493164062e-02
4.655456542968750000e-02
5.054569244384765625e-02
4.734659194946289062e-02
5.619812011718750000e-02
4.753994941711425781e-02
4.967141151428222656e-02
5.264401435852050781e-02
4.837298393249511719e-02
5.108952522277832031e-02
4.934906959533691406e-02
4.586839675903320312e-02
4.622411727905273438e-02
4.328727722167968750e-02
4.877018928527832031e-02
4.806852340698242188e-02
4.780197143554687500e-02
4.596066474914550781e-02
4.710793495178222656e-02
6.787443161010742188e-02
5.076861381530761719e-02
4.949402809143066406e-02
4.889273643493652344e-02
4.369497299194335938e-02
4.680991172790527344e-02
4.696011543273925781e-02
5.034708976745605469e-02
4.799604415893554688e-02
5.285811424255371094e-02
4.722332954406738281e-02
5.544543266296386719e-02
4.482340812683105469e-02
4.679465293884277344e-02
4.823160171508789062e-02
4.901981353759765625e-02
4.976558685302734375e-02
8.163499832153320312e-02
5.671215057373046875e-02
5.290341377258300781e-02
5.149126052856445312e-02
5.510234832763671875e-02
5.134415626525878906e-02
4.976272583007812500e-02
4.875636100769042969e-02
5.205631256103515625e-02
5.074954032897949219e-02
4.538011550903320312e-02
5.000209808349609375e-02
4.700112342834472656e-02
5.265283584594726562e-02
4.668760299682617188e-02
4.800486564636230469e-02
4.459047317504882812e-02
5.020117759704589844e-02
5.384111404418945312e-02
5.182933807373046875e-02
4.777264595031738281e-02
4.844999313354492188e-02
4.538130760192871094e-02
4.848051071166992188e-02
5.380225181579589844e-02
5.356836318969726562e-02
5.112099647521972656e-02
5.331563949584960938e-02
4.478335380554199219e-02
5.013298988342285156e-02
5.138444900512695312e-02
4.512238502502441406e-02
6.554508209228515625e-02
4.912829399108886719e-02
5.156612396240234375e-02
4.992556571960449219e-02
4.846048355102539062e-02
4.671382904052734375e-02
5.171751976013183594e-02
4.426598548889160156e-02
4.926252365112304688e-02
4.903316497802734375e-02
4.655909538269042969e-02
5.183959007263183594e-02
5.419445037841796875e-02
5.688452720642089844e-02
5.025887489318847656e-02
4.357314109802246094e-02
4.782772064208984375e-02
4.873657226562500000e-02
4.421067237854003906e-02
4.806017875671386719e-02
4.757523536682128906e-02
5.242276191711425781e-02
5.155491828918457031e-02
5.018424987792968750e-02
5.157136917114257812e-02
4.954123497009277344e-02
4.897451400756835938e-02
4.401707649230957031e-02
4.691076278686523438e-02
4.721903800964355469e-02
5.208277702331542969e-02
4.700970649719238281e-02
6.502223014831542969e-02
4.814743995666503906e-02
4.782700538635253906e-02
5.097150802612304688e-02
5.170440673828125000e-02
4.939007759094238281e-02
4.607582092285156250e-02
4.592609405517578125e-02
4.693317413330078125e-02
4.499721527099609375e-02
4.872250556945800781e-02
4.532885551452636719e-02
4.917216300964355469e-02
4.998922348022460938e-02
5.206513404846191406e-02
4.121661186218261719e-02
5.119156837463378906e-02
4.610943794250488281e-02
4.392862319946289062e-02
4.817938804626464844e-02
5.198884010314941406e-02
4.946923255920410156e-02
4.572820663452148438e-02
4.791498184204101562e-02
4.950118064880371094e-02
5.204606056213378906e-02
5.063724517822265625e-02
5.123639106750488281e-02
5.035877227783203125e-02
5.101919174194335938e-02
4.295229911804199219e-02
5.130743980407714844e-02
8.663177490234375000e-02
5.454874038696289062e-02
4.881095886230468750e-02
4.610991477966308594e-02
5.046916007995605469e-02
4.643774032592773438e-02
5.101466178894042969e-02
4.672098159790039062e-02
4.590392112731933594e-02
4.599690437316894531e-02
4.401230812072753906e-02
4.604554176330566406e-02
4.806923866271972656e-02
4.592370986938476562e-02
4.672837257385253906e-02
4.480099678039550781e-02
4.840707778930664062e-02
5.236911773681640625e-02
4.912376403808593750e-02
4.568076133728027344e-02
5.570268630981445312e-02
5.132603645324707031e-02
4.674053192138671875e-02
5.266308784484863281e-02
5.216217041015625000e-02
4.928421974182128906e-02
4.771423339843750000e-02
4.417347908020019531e-02
5.436038970947265625e-02
4.750108718872070312e-02
5.086469650268554688e-02
4.833507537841796875e-02
7.820415496826171875e-02
6.653785705566406250e-02
6.624507904052734375e-02
6.163549423217773438e-02
5.805778503417968750e-02
6.605005264282226562e-02
5.941009521484375000e-02
6.125903129577636719e-02
5.298781394958496094e-02
7.799434661865234375e-02
6.225347518920898438e-02
5.181336402893066406e-02
5.316090583801269531e-02
4.912543296813964844e-02
5.658674240112304688e-02
5.137515068054199219e-02
5.158901214599609375e-02
5.118632316589355469e-02
5.123066902160644531e-02
4.727196693420410156e-02
5.314445495605468750e-02
4.722452163696289062e-02
4.941844940185546875e-02
4.675173759460449219e-02
5.388522148132324219e-02
4.302072525024414062e-02
4.981565475463867188e-02
5.197215080261230469e-02
4.965996742248535156e-02
4.725694656372070312e-02
5.287909507751464844e-02
5.017566680908203125e-02
