5.260729789733886719e-02
3.965187072753906250e-02
3.924369812011718750e-02
3.941345214843750000e-02
3.877568244934082031e-02
3.931260108947753906e-02
3.845191001892089844e-02
3.863811492919921875e-02
3.852891921997070312e-02
3.870987892150878906e-02
3.849196434020996094e-02
3.853464126586914062e-02
3.848266601562500000e-02
3.936696052551269531e-02
3.902077674865722656e-02
3.912591934204101562e-02
3.830361366271972656e-02
3.864979743957519531e-02
3.843951225280761719e-02
3.843021392822265625e-02
3.910064697265625000e-02
3.842496871948242188e-02
3.863859176635742188e-02
3.885340690612792969e-02
3.840875625610351562e-02
3.895330429077148438e-02
3.949689865112304688e-02
3.865838050842285156e-02
3.921842575073242188e-02
4.086256027221679688e-02
3.948616981506347656e-02
3.928756713867187500e-02
3.979945182800292969e-02
3.919506072998046875e-02
3.839564323425292969e-02
4.014229774475097656e-02
3.838610649108886719e-02
3.840994834899902344e-02
4.173922538757324219e-02
3.835868835449218750e-02
3.850555419921875000e-02
4.140353202819824219e-02
3.900527954101562500e-02
3.836798667907714844e-02
4.011058807373046875e-02
3.847074508666992188e-02
3.977489471435546875e-02
3.983855247497558594e-02
3.848338127136230469e-02
4.008793830871582031e-02
3.840947151184082031e-02
3.839683532714843750e-02
4.145932197570800781e-02
3.837800025939941406e-02
3.904867172241210938e-02
4.066061973571777344e-02
3.858780860900878906e-02
4.183506965637207031e-02
3.828096389770507812e-02
3.835558891296386719e-02
3.988623619079589844e-02
3.828573226928710938e-02
3.836441040039062500e-02
4.129242897033691406e-02
3.895783424377441406e-02
4.007458686828613281e-02
3.837966918945312500e-02
3.818774223327636719e-02
4.143261909484863281e-02
3.854894638061523438e-02
3.833794593811035156e-02
4.000639915466308594e-02
3.909206390380859375e-02
4.044556617736816406e-02
3.981757164001464844e-02
3.841662406921386719e-02
4.117107391357421875e-02
3.842806816101074219e-02
3.839445114135742188e-02
4.133605957031250000e-02
3.852033615112304688e-02
3.834366798400878906e-02
4.010295867919921875e-02
3.900814056396484375e-02
4.021334648132324219e-02
3.902530670166015625e-02
3.908300399780273438e-02
3.983402252197265625e-02
3.892755508422851562e-02
3.916144371032714844e-02
4.087734222412109375e-02
3.988146781921386719e-02
3.917336463928222656e-02
3.844213485717773438e-02
3.909778594970703125e-02
3.887581825256347656e-02
3.842043876647949219e-02
3.899836540222167969e-02
3.892660140991210938e-02
3.846597671508789062e-02
3.902888298034667969e-02
3.881192207336425781e-02
3.830456733703613281e-02
3.870630264282226562e-02
3.876590728759765625e-02
3.824210166931152344e-02
3.834223747253417969e-02
3.939223289489746094e-02
3.837084770202636719e-02
3.827071189880371094e-02
3.919410705566406250e-02
3.895616531372070312e-02
3.899407386779785156e-02
3.906559944152832031e-02
3.890752792358398438e-02
3.835439682006835938e-02
3.885531425476074219e-02
3.951549530029296875e-02
3.920698165893554688e-02
3.886175155639648438e-02
3.874516487121582031e-02
3.914237022399902344e-02
3.884935379028320312e-02
3.952932357788085938e-02
3.842973709106445312e-02
3.844642639160156250e-02
3.881978988647460938e-02
3.891420364379882812e-02
3.827786445617675781e-02
3.858685493469238281e-02
3.879928588867187500e-02
3.834486007690429688e-02
3.835964202880859375e-02
3.911900520324707031e-02
3.937220573425292969e-02
3.839874267578125000e-02
3.834772109985351562e-02
3.844022750854492188e-02
3.883886337280273438e-02
3.888034820556640625e-02
3.842306137084960938e-02
3.841924667358398438e-02
3.892683982849121094e-02
3.829550743103027344e-02
3.831768035888671875e-02
3.834700584411621094e-02
3.942632675170898438e-02
3.840947151184082031e-02
3.915858268737792969e-02
3.934454917907714844e-02
3.879308700561523438e-02
3.908085823059082031e-02
3.900003433227539062e-02
3.850889205932617188e-02
3.903794288635253906e-02
3.834366798400878906e-02
3.831863403320312500e-02
3.915929794311523438e-02
3.883671760559082031e-02
3.902506828308105469e-02
3.908967971801757812e-02
3.916835784912109375e-02
3.906226158142089844e-02
3.844332695007324219e-02
3.829765319824218750e-02
3.841543197631835938e-02
3.954076766967773438e-02
3.846693038940429688e-02
3.889179229736328125e-02
3.843593597412109375e-02
3.932261466979980469e-02
3.844666481018066406e-02
3.902769088745117188e-02
3.902268409729003906e-02
3.968167304992675781e-02
3.847002983093261719e-02
3.888082504272460938e-02
3.879857063293457031e-02
3.881263732910156250e-02
3.842568397521972656e-02
3.839325904846191406e-02
3.907585144042968750e-02
3.951334953308105469e-02
3.837680816650390625e-02
3.830146789550781250e-02
3.833031654357910156e-02
3.896880149841308594e-02
3.829407691955566406e-02
3.849148750305175781e-02
3.835773468017578125e-02
3.891944885253906250e-02
3.892683982849121094e-02
3.893303871154785156e-02
3.891468048095703125e-02
3.967499732971191406e-02
3.840017318725585938e-02
3.851389884948730469e-02
3.845667839050292969e-02
3.910088539123535156e-02
3.823566436767578125e-02
3.233494758605957031e-01
2.080292701721191406e-01
1.164453029632568359e-01
1.475889682769775391e-01
1.099200248718261719e-01
8.534026145935058594e-02
9.515333175659179688e-02
8.143687248229980469e-02
7.822036743164062500e-02
1.074776649475097656e-01
9.829044342041015625e-02
8.418059349060058594e-02
9.354209899902343750e-02
9.008288383483886719e-02
8.724927902221679688e-02
9.834003448486328125e-02
7.763624191284179688e-02
1.217541694641113281e-01
7.991409301757812500e-02
1.146461963653564453e-01
7.047152519226074219e-02
7.009243965148925781e-02
7.527470588684082031e-02
7.853484153747558594e-02
7.141447067260742188e-02
7.613563537597656250e-02
7.283973693847656250e-02
6.640362739562988281e-02
8.075332641601562500e-02
7.206702232360839844e-02
7.428812980651855469e-02
7.274842262268066406e-02
8.106040954589843750e-02
8.038711547851562500e-02
7.399034500122070312e-02
7.466077804565429688e-02
7.999968528747558594e-02
7.825613021850585938e-02
8.319950103759765625e-02
7.710957527160644531e-02
6.188464164733886719e-02
6.818842887878417969e-02
8.296728134155273438e-02
7.347393035888671875e-02
8.356404304504394531e-02
7.717347145080566406e-02
7.209277153015136719e-02
7.057332992553710938e-02
7.064509391784667969e-02
7.005620002746582031e-02
7.169842720031738281e-02
6.954717636108398438e-02
7.478952407836914062e-02
7.430219650268554688e-02
8.039307594299316406e-02
8.629107475280761719e-02
7.366561889648437500e-02
7.668423652648925781e-02
6.668257713317871094e-02
8.300089836120605469e-02
7.770991325378417969e-02
8.342576026916503906e-02
7.832670211791992188e-02
7.547163963317871094e-02
9.722304344177246094e-02
7.456135749816894531e-02
6.601405143737792969e-02
6.943130493164062500e-02
6.395339965820312500e-02
6.999802589416503906e-02
7.535886764526367188e-02
8.812355995178222656e-02
7.206296920776367188e-02
6.968140602111816406e-02
7.135415077209472656e-02
7.472276687622070312e-02
7.601666450500488281e-02
7.114791870117187500e-02
7.490563392639160156e-02
6.798291206359863281e-02
8.163881301879882812e-02
8.561205863952636719e-02
7.477831840515136719e-02
8.803129196166992188e-02
7.918381690979003906e-02
8.820796012878417969e-02
8.845376968383789062e-02
8.999752998352050781e-02
6.915926933288574219e-02
7.840180397033691406e-02
9.593677520751953125e-02
7.263064384460449219e-02
7.587981224060058594e-02
7.462716102600097656e-02
8.644556999206542969e-02
6.818103790283203125e-02
7.187438011169433594e-02
8.929276466369628906e-02
6.816768646240234375e-02
6.965446472167968750e-02
7.694268226623535156e-02
7.602119445800781250e-02
7.364249229431152344e-02
7.708692550659179688e-02
6.951260566711425781e-02
8.301186561584472656e-02
8.438158035278320312e-02
7.272076606750488281e-02
7.607603073120117188e-02
6.900906562805175781e-02
6.164216995239257812e-02
7.276010513305664062e-02
8.404088020324707031e-02
6.892347335815429688e-02
7.961058616638183594e-02
6.146836280822753906e-02
8.980774879455566406e-02
8.216977119445800781e-02
7.896256446838378906e-02
7.324218750000000000e-02
6.463050842285156250e-02
9.530019760131835938e-02
7.620763778686523438e-02
8.831667900085449219e-02
1.064751148223876953e-01
7.910418510437011719e-02
8.241319656372070312e-02
8.438825607299804688e-02
7.359766960144042969e-02
7.263422012329101562e-02
7.876205444335937500e-02
7.205176353454589844e-02
6.668519973754882812e-02
7.295417785644531250e-02
6.689858436584472656e-02
6.608796119689941406e-02
7.089829444885253906e-02
7.548999786376953125e-02
5.626630783081054688e-02
7.426285743713378906e-02
8.142709732055664062e-02
7.261276245117187500e-02
1.220886707305908203e-01
9.711980819702148438e-02
1.114029884338378906e-01
8.723473548889160156e-02
8.240890502929687500e-02
8.049917221069335938e-02
7.671046257019042969e-02
6.835103034973144531e-02
7.951831817626953125e-02
8.132815361022949219e-02
7.561421394348144531e-02
6.614756584167480469e-02
7.098603248596191406e-02
8.142614364624023438e-02
7.578158378601074219e-02
7.292842864990234375e-02
7.242798805236816406e-02
6.611466407775878906e-02
6.905651092529296875e-02
6.990957260131835938e-02
7.483315467834472656e-02
7.853341102600097656e-02
8.025455474853515625e-02
8.983731269836425781e-02
7.409405708312988281e-02
6.863856315612792969e-02
6.981635093688964844e-02
7.537341117858886719e-02
8.345341682434082031e-02
7.649970054626464844e-02
7.639527320861816406e-02
7.537674903869628906e-02
7.273936271667480469e-02
7.650518417358398438e-02
6.837248802185058594e-02
7.806229591369628906e-02
7.585835456848144531e-02
7.957601547241210938e-02
7.455110549926757812e-02
7.211351394653320312e-02
7.151126861572265625e-02
6.898164749145507812e-02
6.778311729431152344e-02
7.675123214721679688e-02
7.632231712341308594e-02
6.413078308105468750e-02
7.375073432922363281e-02
7.327747344970703125e-02
6.862831115722656250e-02
7.585954666137695312e-02
7.883620262145996094e-02
7.399439811706542969e-02
7.308125495910644531e-02
7.299065589904785156e-02
8.258843421936035156e-02
7.187151908874511719e-02
6.519770622253417969e-02
7.576274871826171875e-02
2.740516662597656250e-01
2.286739349365234375e-01
1.682515144348144531e-01
8.722758293151855469e-02
1.014268398284912109e-01
9.369897842407226562e-02
8.386301994323730469e-02
6.624937057495117188e-02
6.998062133789062500e-02
6.787943840026855469e-02
5.777978897094726562e-02
6.673264503479003906e-02
7.788181304931640625e-02
6.073904037475585938e-02
6.854248046875000000e-02
7.451963424682617188e-02
7.698798179626464844e-02
8.912372589111328125e-02
6.313061714172363281e-02
7.401394844055175781e-02
7.580852508544921875e-02
7.273244857788085938e-02
8.285284042358398438e-02
6.947898864746093750e-02
7.556200027465820312e-02
6.401109695434570312e-02
5.985379219055175781e-02
6.727290153503417969e-02
7.132411003112792969e-02
7.096791267395019531e-02
5.983591079711914062e-02
6.968355178833007812e-02
7.119297981262207031e-02
6.431150436401367188e-02
6.796479225158691406e-02
6.759667396545410156e-02
7.286429405212402344e-02
8.580756187438964844e-02
7.626056671142578125e-02
7.515954971313476562e-02
7.718157768249511719e-02
6.795740127563476562e-02
6.719183921813964844e-02
6.431269645690917969e-02
5.782914161682128906e-02
6.460118293762207031e-02
7.308936119079589844e-02
7.571959495544433594e-02
6.937313079833984375e-02
6.914710998535156250e-02
7.369875907897949219e-02
7.320594787597656250e-02
7.011032104492187500e-02
7.634258270263671875e-02
7.001996040344238281e-02
7.122778892517089844e-02
7.532501220703125000e-02
7.672834396362304688e-02
8.346033096313476562e-02
6.702184677124023438e-02
6.946563720703125000e-02
7.020092010498046875e-02
6.312632560729980469e-02
6.144452095031738281e-02
5.611729621887207031e-02
6.372380256652832031e-02
5.947494506835937500e-02
5.718064308166503906e-02
6.489586830139160156e-02
6.893277168273925781e-02
6.765556335449218750e-02
7.049036026000976562e-02
6.234884262084960938e-02
7.312107086181640625e-02
6.828045845031738281e-02
7.329845428466796875e-02
7.123351097106933594e-02
7.295179367065429688e-02
7.122397422790527344e-02
7.265567779541015625e-02
7.410454750061035156e-02
6.694293022155761719e-02
7.617735862731933594e-02
6.487894058227539062e-02
6.641864776611328125e-02
6.533217430114746094e-02
6.608939170837402344e-02
6.639194488525390625e-02
6.395864486694335938e-02
6.697964668273925781e-02
7.185459136962890625e-02
6.550097465515136719e-02
7.649469375610351562e-02
7.270145416259765625e-02
6.286430358886718750e-02
6.821918487548828125e-02
7.359266281127929688e-02
7.456684112548828125e-02
7.546234130859375000e-02
7.160568237304687500e-02
7.303810119628906250e-02
6.219553947448730469e-02
7.142758369445800781e-02
6.750178337097167969e-02
6.887841224670410156e-02
6.960725784301757812e-02
6.484436988830566406e-02
7.009816169738769531e-02
7.110714912414550781e-02
6.973147392272949219e-02
7.470798492431640625e-02
7.696080207824707031e-02
9.247708320617675781e-02
7.677340507507324219e-02
7.857608795166015625e-02
6.892943382263183594e-02
7.916259765625000000e-02
7.127404212951660156e-02
6.361293792724609375e-02
7.970166206359863281e-02
6.799530982971191406e-02
6.093811988830566406e-02
6.012344360351562500e-02
6.902480125427246094e-02
6.419372558593750000e-02
6.568121910095214844e-02
6.454801559448242188e-02
7.527899742126464844e-02
7.144141197204589844e-02
7.057452201843261719e-02
7.824015617370605469e-02
7.631587982177734375e-02
7.485604286193847656e-02
8.310198783874511719e-02
7.911086082458496094e-02
9.179806709289550781e-02
7.563281059265136719e-02
7.696819305419921875e-02
6.581687927246093750e-02
7.133650779724121094e-02
6.881928443908691406e-02
6.527853012084960938e-02
6.300663948059082031e-02
6.035041809082031250e-02
7.371973991394042969e-02
6.269288063049316406e-02
7.004404067993164062e-02
7.009863853454589844e-02
6.737923622131347656e-02
7.080435752868652344e-02
7.507538795471191406e-02
6.746029853820800781e-02
7.230687141418457031e-02
6.736207008361816406e-02
6.850266456604003906e-02
7.076930999755859375e-02
7.280158996582031250e-02
7.635593414306640625e-02
7.941341400146484375e-02
7.977199554443359375e-02
6.900215148925781250e-02
7.118701934814453125e-02
6.937289237976074219e-02
7.083892822265625000e-02
7.614254951477050781e-02
7.390904426574707031e-02
6.997013092041015625e-02
7.045316696166992188e-02
7.509088516235351562e-02
7.647657394409179688e-02
6.846046447753906250e-02
6.497979164123535156e-02
6.317448616027832031e-02
6.682252883911132812e-02
7.499122619628906250e-02
7.296657562255859375e-02
7.167959213256835938e-02
6.383061408996582031e-02
6.862282752990722656e-02
7.249402999877929688e-02
6.747794151306152344e-02
6.569147109985351562e-02
6.850290298461914062e-02
7.543754577636718750e-02
7.101488113403320312e-02
6.787014007568359375e-02
7.881402969360351562e-02
7.279825210571289062e-02
7.046246528625488281e-02
7.207918167114257812e-02
6.394100189208984375e-02
6.115555763244628906e-02
6.242990493774414062e-02
7.451462745666503906e-02
7.427310943603515625e-02
7.257294654846191406e-02
7.611870765686035156e-02
6.980824470520019531e-02
6.382203102111816406e-02
5.961823463439941406e-02
3.197178840637207031e-01
1.405496597290039062e-01
1.525897979736328125e-01
1.175677776336669922e-01
1.437284946441650391e-01
1.262445449829101562e-01
1.315741539001464844e-01
9.099507331848144531e-02
1.313309669494628906e-01
1.386611461639404297e-01
1.341261863708496094e-01
1.325738430023193359e-01
9.044051170349121094e-02
8.274888992309570312e-02
9.940361976623535156e-02
7.071757316589355469e-02
7.259654998779296875e-02
6.986880302429199219e-02
6.780195236206054688e-02
7.980585098266601562e-02
9.410357475280761719e-02
8.266949653625488281e-02
7.416653633117675781e-02
7.569646835327148438e-02
7.529282569885253906e-02
6.899333000183105469e-02
7.743573188781738281e-02
8.408093452453613281e-02
6.389546394348144531e-02
7.379078865051269531e-02
8.601427078247070312e-02
1.284680366516113281e-01
7.762384414672851562e-02
1.029186248779296875e-01
7.510757446289062500e-02
7.497930526733398438e-02
7.652616500854492188e-02
6.499314308166503906e-02
6.875896453857421875e-02
6.295990943908691406e-02
7.041215896606445312e-02
7.426285743713378906e-02
7.152652740478515625e-02
6.549286842346191406e-02
7.808732986450195312e-02
9.074163436889648438e-02
8.039021492004394531e-02
8.275055885314941406e-02
8.399105072021484375e-02
6.903529167175292969e-02
1.205811500549316406e-01
9.772109985351562500e-02
8.093214035034179688e-02
6.505084037780761719e-02
7.475495338439941406e-02
7.402515411376953125e-02
9.038376808166503906e-02
8.823943138122558594e-02
7.446885108947753906e-02
8.741807937622070312e-02
7.664179801940917969e-02
8.032059669494628906e-02
8.231878280639648438e-02
7.725358009338378906e-02
1.109173297882080078e-01
8.434438705444335938e-02
9.379577636718750000e-02
1.311025619506835938e-01
1.012299060821533203e-01
6.566166877746582031e-02
6.871151924133300781e-02
8.630943298339843750e-02
7.662057876586914062e-02
7.579469680786132812e-02
7.743835449218750000e-02
8.043599128723144531e-02
7.392334938049316406e-02
6.692457199096679688e-02
7.307839393615722656e-02
7.644820213317871094e-02
7.063889503479003906e-02
7.496070861816406250e-02
6.974840164184570312e-02
8.333349227905273438e-02
7.109808921813964844e-02
7.355427742004394531e-02
8.388590812683105469e-02
7.905721664428710938e-02
7.734775543212890625e-02
8.957695960998535156e-02
7.818484306335449219e-02
7.285118103027343750e-02
7.019400596618652344e-02
6.477451324462890625e-02
7.261943817138671875e-02
6.833291053771972656e-02
7.350873947143554688e-02
7.020044326782226562e-02
7.619094848632812500e-02
7.625389099121093750e-02
6.928396224975585938e-02
8.755397796630859375e-02
7.560086250305175781e-02
7.242274284362792969e-02
7.837390899658203125e-02
6.682515144348144531e-02
6.540012359619140625e-02
7.818889617919921875e-02
7.014942169189453125e-02
7.253837585449218750e-02
6.269288063049316406e-02
7.045578956604003906e-02
5.673766136169433594e-02
6.770086288452148438e-02
6.921124458312988281e-02
6.626391410827636719e-02
8.504104614257812500e-02
6.197595596313476562e-02
7.524347305297851562e-02
6.495356559753417969e-02
7.085537910461425781e-02
7.334613800048828125e-02
7.149600982666015625e-02
8.100080490112304688e-02
7.728433609008789062e-02
7.864952087402343750e-02
7.050061225891113281e-02
6.772661209106445312e-02
8.332252502441406250e-02
6.439137458801269531e-02
7.493567466735839844e-02
7.861781120300292969e-02
8.053612709045410156e-02
6.569933891296386719e-02
7.361650466918945312e-02
7.732534408569335938e-02
6.726503372192382812e-02
6.886529922485351562e-02
7.851099967956542969e-02
6.959199905395507812e-02
6.589770317077636719e-02
6.520056724548339844e-02
7.021784782409667969e-02
7.163310050964355469e-02
5.195808410644531250e-02
7.634568214416503906e-02
8.077549934387207031e-02
7.850575447082519531e-02
7.348442077636718750e-02
7.674121856689453125e-02
7.203674316406250000e-02
8.085393905639648438e-02
7.401442527770996094e-02
7.402920722961425781e-02
7.944726943969726562e-02
7.780122756958007812e-02
8.001470565795898438e-02
7.473611831665039062e-02
8.016514778137207031e-02
7.702207565307617188e-02
8.470606803894042969e-02
5.989623069763183594e-02
7.186937332153320312e-02
7.701110839843750000e-02
8.878374099731445312e-02
8.076453208923339844e-02
8.359336853027343750e-02
7.551479339599609375e-02
8.132529258728027344e-02
9.234714508056640625e-02
8.126902580261230469e-02
7.652544975280761719e-02
8.192372322082519531e-02
8.020901679992675781e-02
1.039822101593017578e-01
8.237528800964355469e-02
9.364914894104003906e-02
9.595680236816406250e-02
8.106851577758789062e-02
7.461500167846679688e-02
7.152104377746582031e-02
7.690358161926269531e-02
6.877851486206054688e-02
6.812095642089843750e-02
8.288478851318359375e-02
8.555221557617187500e-02
6.798958778381347656e-02
7.772183418273925781e-02
7.055115699768066406e-02
6.897091865539550781e-02
7.006430625915527344e-02
7.364535331726074219e-02
7.511377334594726562e-02
8.898544311523437500e-02
6.982016563415527344e-02
7.443785667419433594e-02
7.362270355224609375e-02
8.070302009582519531e-02
7.756996154785156250e-02
7.263183593750000000e-02
2.848761081695556641e-01
2.044389247894287109e-01
1.024332046508789062e-01
1.348726749420166016e-01
9.749579429626464844e-02
7.236695289611816406e-02
9.674954414367675781e-02
7.443451881408691406e-02
7.780623435974121094e-02
7.158970832824707031e-02
9.037351608276367188e-02
1.069276332855224609e-01
7.527136802673339844e-02
7.786297798156738281e-02
8.078527450561523438e-02
9.332060813903808594e-02
8.789730072021484375e-02
1.095075607299804688e-01
1.088740825653076172e-01
8.930110931396484375e-02
6.892585754394531250e-02
8.259749412536621094e-02
6.433010101318359375e-02
6.929779052734375000e-02
6.947445869445800781e-02
6.056666374206542969e-02
6.999921798706054688e-02
5.910944938659667969e-02
6.662893295288085938e-02
6.925940513610839844e-02
7.595181465148925781e-02
7.141113281250000000e-02
7.114219665527343750e-02
7.891917228698730469e-02
8.592200279235839844e-02
8.309292793273925781e-02
8.531260490417480469e-02
8.824849128723144531e-02
7.199764251708984375e-02
7.801437377929687500e-02
6.924223899841308594e-02
7.471990585327148438e-02
6.855726242065429688e-02
8.452033996582031250e-02
8.102560043334960938e-02
5.124402046203613281e-02
6.935906410217285156e-02
6.941294670104980469e-02
6.901860237121582031e-02
7.752871513366699219e-02
8.939170837402343750e-02
7.912445068359375000e-02
7.982802391052246094e-02
9.036898612976074219e-02
7.495665550231933594e-02
9.028100967407226562e-02
9.721636772155761719e-02
8.070683479309082031e-02
9.090757369995117188e-02
6.579685211181640625e-02
8.604097366333007812e-02
7.840347290039062500e-02
8.623170852661132812e-02
8.764576911926269531e-02
9.488272666931152344e-02
8.112955093383789062e-02
9.309720993041992188e-02
7.305335998535156250e-02
7.913088798522949219e-02
1.211609840393066406e-01
8.430767059326171875e-02
1.058197021484375000e-01
8.804321289062500000e-02
8.216714859008789062e-02
7.722210884094238281e-02
6.947779655456542969e-02
9.022569656372070312e-02
7.960534095764160156e-02
7.773280143737792969e-02
8.076333999633789062e-02
7.385134696960449219e-02
7.559823989868164062e-02
6.643104553222656250e-02
7.636451721191406250e-02
6.866240501403808594e-02
7.858872413635253906e-02
8.551406860351562500e-02
7.081055641174316406e-02
7.553935050964355469e-02
8.751726150512695312e-02
7.237100601196289062e-02
9.912133216857910156e-02
8.896064758300781250e-02
6.956052780151367188e-02
7.763147354125976562e-02
6.881046295166015625e-02
6.585311889648437500e-02
7.647466659545898438e-02
6.455612182617187500e-02
8.393025398254394531e-02
7.617926597595214844e-02
6.119275093078613281e-02
6.935167312622070312e-02
7.521772384643554688e-02
6.620430946350097656e-02
7.083845138549804688e-02
7.621383666992187500e-02
7.575488090515136719e-02
7.290601730346679688e-02
7.360982894897460938e-02
7.442879676818847656e-02
7.751011848449707031e-02
6.665277481079101562e-02
1.264665126800537109e-01
6.064820289611816406e-02
7.670950889587402344e-02
1.027274131774902344e-01
7.834053039550781250e-02
8.004665374755859375e-02
7.415866851806640625e-02
8.064389228820800781e-02
7.513046264648437500e-02
6.987166404724121094e-02
7.688546180725097656e-02
7.293510437011718750e-02
7.841467857360839844e-02
7.155013084411621094e-02
6.678009033203125000e-02
7.084012031555175781e-02
6.753373146057128906e-02
7.245802879333496094e-02
6.585407257080078125e-02
7.631897926330566406e-02
7.483172416687011719e-02
7.155919075012207031e-02
7.715201377868652344e-02
8.043026924133300781e-02
7.844328880310058594e-02
6.680870056152343750e-02
7.774066925048828125e-02
7.316660881042480469e-02
7.086110115051269531e-02
7.759499549865722656e-02
7.225275039672851562e-02
7.185077667236328125e-02
7.403588294982910156e-02
7.058525085449218750e-02
7.422900199890136719e-02
7.440614700317382812e-02
7.489252090454101562e-02
6.753635406494140625e-02
7.358074188232421875e-02
6.948089599609375000e-02
6.865453720092773438e-02
5.251646041870117188e-02
7.605886459350585938e-02
7.938051223754882812e-02
9.139418601989746094e-02
9.301543235778808594e-02
7.640957832336425781e-02
7.925271987915039062e-02
9.243893623352050781e-02
7.203078269958496094e-02
8.450746536254882812e-02
8.056616783142089844e-02
7.285475730895996094e-02
8.069324493408203125e-02
8.271765708923339844e-02
7.647657394409179688e-02
6.738758087158203125e-02
7.265257835388183594e-02
9.187626838684082031e-02
8.184170722961425781e-02
1.036009788513183594e-01
8.433580398559570312e-02
7.646226882934570312e-02
8.372950553894042969e-02
5.853295326232910156e-02
8.120846748352050781e-02
9.708833694458007812e-02
7.639741897583007812e-02
6.559944152832031250e-02
8.187150955200195312e-02
6.809735298156738281e-02
7.983875274658203125e-02
9.665465354919433594e-02
8.033776283264160156e-02
8.119225502014160156e-02
7.089710235595703125e-02
6.133031845092773438e-02
7.175445556640625000e-02
7.335662841796875000e-02
7.992601394653320312e-02
6.715607643127441406e-02
8.705973625183105469e-02
6.339406967163085938e-02
7.541084289550781250e-02
7.015156745910644531e-02
7.737255096435546875e-02
6.422519683837890625e-02
2.579939365386962891e-01
1.553816795349121094e-01
8.429360389709472656e-02
1.030364036560058594e-01
9.068441390991210938e-02
7.777118682861328125e-02
7.267951965332031250e-02
7.512021064758300781e-02
7.716512680053710938e-02
7.902336120605468750e-02
9.882164001464843750e-02
1.290130615234375000e-01
8.747076988220214844e-02
7.134318351745605469e-02
8.504247665405273438e-02
7.236456871032714844e-02
9.658360481262207031e-02
9.235501289367675781e-02
9.012007713317871094e-02
6.606292724609375000e-02
9.850835800170898438e-02
6.925320625305175781e-02
8.850932121276855469e-02
7.724189758300781250e-02
7.545113563537597656e-02
6.790685653686523438e-02
7.327270507812500000e-02
7.107019424438476562e-02
7.467579841613769531e-02
7.729148864746093750e-02
7.615137100219726562e-02
7.700991630554199219e-02
6.831979751586914062e-02
7.717275619506835938e-02
8.081579208374023438e-02
6.894731521606445312e-02
7.047820091247558594e-02
6.291079521179199219e-02
7.877397537231445312e-02
6.771993637084960938e-02
8.704400062561035156e-02
7.177329063415527344e-02
7.987880706787109375e-02
7.157015800476074219e-02
6.814670562744140625e-02
6.348586082458496094e-02
7.342672348022460938e-02
6.883764266967773438e-02
7.598638534545898438e-02
7.262706756591796875e-02
7.277989387512207031e-02
7.245993614196777344e-02
6.617665290832519531e-02
6.819820404052734375e-02
6.968879699707031250e-02
6.566524505615234375e-02
7.071805000305175781e-02
7.770395278930664062e-02
7.482099533081054688e-02
6.734585762023925781e-02
7.199001312255859375e-02
7.838034629821777344e-02
7.456278800964355469e-02
6.376767158508300781e-02
7.484269142150878906e-02
7.066559791564941406e-02
6.852102279663085938e-02
6.696629524230957031e-02
7.374858856201171875e-02
6.743073463439941406e-02
7.211875915527343750e-02
7.224154472351074219e-02
6.671953201293945312e-02
6.827306747436523438e-02
7.376646995544433594e-02
7.902407646179199219e-02
8.182311058044433594e-02
7.664680480957031250e-02
6.890416145324707031e-02
6.729030609130859375e-02
7.208585739135742188e-02
7.308506965637207031e-02
7.555937767028808594e-02
7.402348518371582031e-02
7.618045806884765625e-02
7.593178749084472656e-02
7.315015792846679688e-02
8.515143394470214844e-02
7.080841064453125000e-02
7.007646560668945312e-02
8.047032356262207031e-02
7.090044021606445312e-02
7.674026489257812500e-02
8.203697204589843750e-02
7.198739051818847656e-02
8.373951911926269531e-02
9.438276290893554688e-02
8.548140525817871094e-02
7.217073440551757812e-02
7.235908508300781250e-02
6.780672073364257812e-02
7.710123062133789062e-02
7.247781753540039062e-02
7.469439506530761719e-02
8.236265182495117188e-02
6.812405586242675781e-02
6.877136230468750000e-02
7.589888572692871094e-02
6.472325325012207031e-02
8.027315139770507812e-02
8.675789833068847656e-02
8.625125885009765625e-02
8.306956291198730469e-02
8.427429199218750000e-02
9.003424644470214844e-02
8.526062965393066406e-02
7.912349700927734375e-02
1.158757209777832031e-01
6.614828109741210938e-02
7.210350036621093750e-02
1.044490337371826172e-01
8.558344841003417969e-02
8.157348632812500000e-02
7.438588142395019531e-02
7.776021957397460938e-02
7.262420654296875000e-02
6.147050857543945312e-02
6.804084777832031250e-02
5.769491195678710938e-02
6.677865982055664062e-02
8.205103874206542969e-02
6.806087493896484375e-02
9.052896499633789062e-02
8.936285972595214844e-02
8.189153671264648438e-02
8.002781867980957031e-02
8.207964897155761719e-02
1.149220466613769531e-01
7.623028755187988281e-02
6.878304481506347656e-02
7.716202735900878906e-02
6.934428215026855469e-02
7.295393943786621094e-02
6.917476654052734375e-02
6.078100204467773438e-02
7.298684120178222656e-02
6.041789054870605469e-02
6.115269660949707031e-02
6.028604507446289062e-02
6.139206886291503906e-02
7.335042953491210938e-02
6.749963760375976562e-02
6.125354766845703125e-02
7.274985313415527344e-02
6.639862060546875000e-02
7.075500488281250000e-02
7.386112213134765625e-02
8.783316612243652344e-02
8.370661735534667969e-02
8.493494987487792969e-02
7.344841957092285156e-02
7.606887817382812500e-02
7.411146163940429688e-02
7.011318206787109375e-02
6.922292709350585938e-02
6.015586853027343750e-02
6.928777694702148438e-02
7.517170906066894531e-02
6.938409805297851562e-02
6.763267517089843750e-02
6.848502159118652344e-02
7.201695442199707031e-02
6.966090202331542969e-02
6.363797187805175781e-02
7.045125961303710938e-02
7.659673690795898438e-02
7.125568389892578125e-02
6.449151039123535156e-02
9.255814552307128906e-02
7.103967666625976562e-02
6.876468658447265625e-02
6.424021720886230469e-02
6.231880187988281250e-02
6.171536445617675781e-02
7.162475585937500000e-02
6.679344177246093750e-02
6.814312934875488281e-02
6.965160369873046875e-02
6.891083717346191406e-02
7.162308692932128906e-02
6.997251510620117188e-02
7.524490356445312500e-02
6.093478202819824219e-02
6.239008903503417969e-02
7.081103324890136719e-02
7.725429534912109375e-02
6.555938720703125000e-02
7.500243186950683594e-02
7.456517219543457031e-02
7.267737388610839844e-02
3.678057193756103516e-01
2.057845592498779297e-01
1.336457729339599609e-01
1.068296432495117188e-01
1.407594680786132812e-01
9.921884536743164062e-02
1.062264442443847656e-01
1.062462329864501953e-01
8.220171928405761719e-02
7.939815521240234375e-02
7.694625854492187500e-02
8.950781822204589844e-02
7.373166084289550781e-02
7.887387275695800781e-02
7.127642631530761719e-02
6.891393661499023438e-02
8.428645133972167969e-02
6.701016426086425781e-02
6.758666038513183594e-02
8.159017562866210938e-02
7.697534561157226562e-02
7.360649108886718750e-02
8.523225784301757812e-02
7.679677009582519531e-02
8.335733413696289062e-02
9.082484245300292969e-02
7.095861434936523438e-02
6.924915313720703125e-02
6.366705894470214844e-02
7.092094421386718750e-02
7.066822052001953125e-02
7.442188262939453125e-02
7.234072685241699219e-02
7.776761054992675781e-02
7.490634918212890625e-02
7.979798316955566406e-02
7.154273986816406250e-02
6.988716125488281250e-02
7.962346076965332031e-02
7.244420051574707031e-02
7.952761650085449219e-02
7.217741012573242188e-02
6.440687179565429688e-02
7.275271415710449219e-02
6.923890113830566406e-02
6.788563728332519531e-02
6.743383407592773438e-02
7.091355323791503906e-02
7.440161705017089844e-02
6.803202629089355469e-02
7.450556755065917969e-02
7.653975486755371094e-02
7.718992233276367188e-02
8.053708076477050781e-02
7.103323936462402344e-02
6.540942192077636719e-02
7.210683822631835938e-02
7.823944091796875000e-02
7.148408889770507812e-02
7.307982444763183594e-02
7.606291770935058594e-02
7.887077331542968750e-02
8.353614807128906250e-02
9.130215644836425781e-02
7.162880897521972656e-02
6.658196449279785156e-02
8.989119529724121094e-02
7.928872108459472656e-02
8.129453659057617188e-02
1.005237102508544922e-01
7.526516914367675781e-02
7.470440864562988281e-02
7.240247726440429688e-02
8.953809738159179688e-02
6.699180603027343750e-02
8.196234703063964844e-02
7.595801353454589844e-02
7.953572273254394531e-02
8.031439781188964844e-02
9.392786026000976562e-02
8.023571968078613281e-02
8.275771141052246094e-02
6.965351104736328125e-02
8.998560905456542969e-02
8.892941474914550781e-02
7.768678665161132812e-02
8.348679542541503906e-02
8.214592933654785156e-02
7.515978813171386719e-02
7.960724830627441406e-02
7.339572906494140625e-02
6.639480590820312500e-02
7.876396179199218750e-02
7.114911079406738281e-02
7.585072517395019531e-02
7.129788398742675781e-02
6.449389457702636719e-02
7.056260108947753906e-02
7.074999809265136719e-02
6.596398353576660156e-02
8.441996574401855469e-02
7.350087165832519531e-02
6.970238685607910156e-02
6.504011154174804688e-02
7.237148284912109375e-02
6.853079795837402344e-02
1.250698566436767578e-01
7.653903961181640625e-02
1.251232624053955078e-01
7.668161392211914062e-02
6.919765472412109375e-02
6.909632682800292969e-02
7.247757911682128906e-02
6.703376770019531250e-02
7.250952720642089844e-02
8.759593963623046875e-02
6.677007675170898438e-02
6.993484497070312500e-02
6.824541091918945312e-02
6.991529464721679688e-02
8.894729614257812500e-02
7.258057594299316406e-02
6.585860252380371094e-02
7.471132278442382812e-02
6.668686866760253906e-02
7.277321815490722656e-02
7.938671112060546875e-02
7.958793640136718750e-02
1.016511917114257812e-01
7.414364814758300781e-02
7.873988151550292969e-02
7.628512382507324219e-02
7.506275177001953125e-02
7.329297065734863281e-02
6.637668609619140625e-02
7.362508773803710938e-02
7.417440414428710938e-02
7.519268989562988281e-02
7.975983619689941406e-02
1.215674877166748047e-01
7.331705093383789062e-02
7.770442962646484375e-02
6.418228149414062500e-02
7.146978378295898438e-02
7.007074356079101562e-02
7.447314262390136719e-02
6.381011009216308594e-02
6.682658195495605469e-02
7.373785972595214844e-02
8.406639099121093750e-02
7.539916038513183594e-02
6.340718269348144531e-02
7.695555686950683594e-02
7.168960571289062500e-02
7.352471351623535156e-02
6.904268264770507812e-02
8.675670623779296875e-02
9.464740753173828125e-02
7.319951057434082031e-02
7.685470581054687500e-02
6.788587570190429688e-02
6.427669525146484375e-02
7.261109352111816406e-02
6.205821037292480469e-02
6.135058403015136719e-02
6.436014175415039062e-02
6.755471229553222656e-02
4.870939254760742188e-02
7.906317710876464844e-02
6.990385055541992188e-02
7.431626319885253906e-02
7.974815368652343750e-02
6.919097900390625000e-02
6.940817832946777344e-02
7.345390319824218750e-02
7.609868049621582031e-02
7.032346725463867188e-02
8.248901367187500000e-02
9.388685226440429688e-02
7.710409164428710938e-02
7.489943504333496094e-02
8.470320701599121094e-02
7.133197784423828125e-02
7.437086105346679688e-02
8.104777336120605469e-02
7.472062110900878906e-02
7.142400741577148438e-02
7.564973831176757812e-02
9.755396842956542969e-02
9.237837791442871094e-02
7.991719245910644531e-02
7.626986503601074219e-02
8.588147163391113281e-02
9.791564941406250000e-02
7.798480987548828125e-02
8.709311485290527344e-02
8.796906471252441406e-02
8.630800247192382812e-02
8.978176116943359375e-02
7.730841636657714844e-02
2.763860225677490234e-01
1.982688903808593750e-01
9.774088859558105469e-02
1.051239967346191406e-01
1.001269817352294922e-01
8.628845214843750000e-02
9.713220596313476562e-02
8.089256286621093750e-02
1.048078536987304688e-01
1.006574630737304688e-01
1.001696586608886719e-01
8.842968940734863281e-02
7.018303871154785156e-02
9.668803215026855469e-02
1.056628227233886719e-01
7.745170593261718750e-02
1.093082427978515625e-01
9.254240989685058594e-02
9.818363189697265625e-02
9.693264961242675781e-02
8.905243873596191406e-02
8.003687858581542969e-02
9.645891189575195312e-02
9.649467468261718750e-02
7.552814483642578125e-02
8.048367500305175781e-02
7.516217231750488281e-02
7.936549186706542969e-02
7.812070846557617188e-02
7.278370857238769531e-02
8.238840103149414062e-02
8.562421798706054688e-02
7.972955703735351562e-02
6.762409210205078125e-02
7.229375839233398438e-02
6.487321853637695312e-02
7.636570930480957031e-02
7.296419143676757812e-02
8.466744422912597656e-02
7.165837287902832031e-02
6.868505477905273438e-02
7.370972633361816406e-02
7.828211784362792969e-02
7.581591606140136719e-02
7.958436012268066406e-02
7.569646835327148438e-02
6.594753265380859375e-02
7.394218444824218750e-02
7.446599006652832031e-02
8.041000366210937500e-02
8.005714416503906250e-02
7.250165939331054688e-02
6.249904632568359375e-02
7.412004470825195312e-02
6.755423545837402344e-02
7.337045669555664062e-02
8.431053161621093750e-02
7.277655601501464844e-02
7.346534729003906250e-02
7.958555221557617188e-02
7.378864288330078125e-02
8.085608482360839844e-02
7.798862457275390625e-02
7.958436012268066406e-02
7.350564002990722656e-02
6.756043434143066406e-02
7.005906105041503906e-02
7.740688323974609375e-02
7.436776161193847656e-02
6.897902488708496094e-02
7.051897048950195312e-02
7.686996459960937500e-02
8.053588867187500000e-02
7.642364501953125000e-02
6.799268722534179688e-02
6.988954544067382812e-02
8.476758003234863281e-02
7.888031005859375000e-02
7.150387763977050781e-02
1.046590805053710938e-01
8.199834823608398438e-02
6.862878799438476562e-02
8.325481414794921875e-02
7.047462463378906250e-02
7.144451141357421875e-02
7.322120666503906250e-02
6.489968299865722656e-02
6.906294822692871094e-02
7.004809379577636719e-02
7.062673568725585938e-02
8.365654945373535156e-02
6.844305992126464844e-02
6.967830657958984375e-02
6.832623481750488281e-02
6.693482398986816406e-02
7.756209373474121094e-02
7.763648033142089844e-02
8.145141601562500000e-02
7.582783699035644531e-02
7.455062866210937500e-02
7.195401191711425781e-02
7.125115394592285156e-02
6.385493278503417969e-02
6.981658935546875000e-02
6.396460533142089844e-02
7.943725585937500000e-02
8.197569847106933594e-02
6.722617149353027344e-02
6.867527961730957031e-02
7.272887229919433594e-02
8.128285408020019531e-02
8.924388885498046875e-02
8.434486389160156250e-02
7.850837707519531250e-02
7.014703750610351562e-02
6.836152076721191406e-02
8.908891677856445312e-02
8.487296104431152344e-02
1.019885540008544922e-01
7.113480567932128906e-02
9.687733650207519531e-02
8.212447166442871094e-02
7.795596122741699219e-02
8.542990684509277344e-02
6.960296630859375000e-02
7.439804077148437500e-02
7.901644706726074219e-02
5.611491203308105469e-02
8.363199234008789062e-02
7.460713386535644531e-02
6.259226799011230469e-02
6.670904159545898438e-02
8.423972129821777344e-02
8.186483383178710938e-02
7.740163803100585938e-02
8.760476112365722656e-02
7.945799827575683594e-02
8.816289901733398438e-02
7.083392143249511719e-02
7.760667800903320312e-02
6.692767143249511719e-02
8.409428596496582031e-02
7.716774940490722656e-02
1.148624420166015625e-01
6.964421272277832031e-02
7.010078430175781250e-02
7.100415229797363281e-02
6.645250320434570312e-02
6.667494773864746094e-02
7.175350189208984375e-02
8.100342750549316406e-02
6.600260734558105469e-02
8.368253707885742188e-02
7.464480400085449219e-02
7.048892974853515625e-02
6.549835205078125000e-02
6.685900688171386719e-02
7.062244415283203125e-02
6.561827659606933594e-02
7.287049293518066406e-02
8.361434936523437500e-02
8.245062828063964844e-02
8.189368247985839844e-02
7.039690017700195312e-02
7.070755958557128906e-02
6.848502159118652344e-02
7.146644592285156250e-02
7.521104812622070312e-02
6.945061683654785156e-02
7.034134864807128906e-02
7.156252861022949219e-02
7.475304603576660156e-02
7.619047164916992188e-02
6.815528869628906250e-02
6.618928909301757812e-02
6.921315193176269531e-02
5.658125877380371094e-02
7.026410102844238281e-02
6.616878509521484375e-02
7.088303565979003906e-02
6.595373153686523438e-02
7.645583152770996094e-02
7.745671272277832031e-02
6.857323646545410156e-02
7.739210128784179688e-02
7.026529312133789062e-02
6.959152221679687500e-02
1.056430339813232422e-01
7.588362693786621094e-02
8.033752441406250000e-02
7.088470458984375000e-02
7.444882392883300781e-02
6.879949569702148438e-02
7.162046432495117188e-02
7.650184631347656250e-02
7.031798362731933594e-02
7.160782814025878906e-02
6.875371932983398438e-02
6.391978263854980469e-02
7.254695892333984375e-02
2.895610332489013672e-01
1.849267482757568359e-01
1.687262058258056641e-01
1.011152267456054688e-01
9.662508964538574219e-02
7.870554924011230469e-02
8.336210250854492188e-02
1.399073600769042969e-01
1.328160762786865234e-01
1.159243583679199219e-01
1.739709377288818359e-01
1.100139617919921875e-01
1.108338832855224609e-01
1.103160381317138672e-01
9.237766265869140625e-02
8.673715591430664062e-02
7.982277870178222656e-02
8.125019073486328125e-02
8.807349205017089844e-02
7.154917716979980469e-02
8.314990997314453125e-02
7.345557212829589844e-02
7.190918922424316406e-02
8.331060409545898438e-02
7.529211044311523438e-02
7.717084884643554688e-02
8.295249938964843750e-02
8.817815780639648438e-02
9.954833984375000000e-02
8.921289443969726562e-02
1.070792675018310547e-01
9.361267089843750000e-02
1.044938564300537109e-01
9.044098854064941406e-02
9.048223495483398438e-02
1.070759296417236328e-01
8.360528945922851562e-02
8.157444000244140625e-02
6.991004943847656250e-02
7.971239089965820312e-02
6.265974044799804688e-02
6.417751312255859375e-02
9.039878845214843750e-02
7.384920120239257812e-02
7.849025726318359375e-02
8.452773094177246094e-02
7.970857620239257812e-02
9.286189079284667969e-02
1.002953052520751953e-01
7.002639770507812500e-02
8.189630508422851562e-02
8.873343467712402344e-02
6.091856956481933594e-02
1.129062175750732422e-01
1.008503437042236328e-01
7.754230499267578125e-02
6.546139717102050781e-02
6.810379028320312500e-02
7.082247734069824219e-02
6.834292411804199219e-02
7.371258735656738281e-02
7.062339782714843750e-02
6.156373023986816406e-02
6.913805007934570312e-02
7.248878479003906250e-02
7.404780387878417969e-02
8.254861831665039062e-02
7.870841026306152344e-02
8.153223991394042969e-02
7.755160331726074219e-02
7.537269592285156250e-02
6.918191909790039062e-02
6.702756881713867188e-02
6.806612014770507812e-02
6.774139404296875000e-02
7.300853729248046875e-02
8.015775680541992188e-02
6.729269027709960938e-02
6.668448448181152344e-02
7.131505012512207031e-02
6.040287017822265625e-02
7.628178596496582031e-02
6.999945640563964844e-02
6.727886199951171875e-02
6.416177749633789062e-02
7.566380500793457031e-02
8.212971687316894531e-02
6.990289688110351562e-02
7.664680480957031250e-02
6.916213035583496094e-02
8.325219154357910156e-02
6.938266754150390625e-02
7.795214653015136719e-02
7.561969757080078125e-02
5.889868736267089844e-02
7.947301864624023438e-02
7.192635536193847656e-02
7.882356643676757812e-02
9.163403511047363281e-02
7.273459434509277344e-02
8.582735061645507812e-02
7.335495948791503906e-02
6.333589553833007812e-02
6.731104850769042969e-02
7.779407501220703125e-02
6.481909751892089844e-02
7.430863380432128906e-02
9.248304367065429688e-02
6.487321853637695312e-02
7.170748710632324219e-02
7.634830474853515625e-02
7.619214057922363281e-02
7.564401626586914062e-02
6.784391403198242188e-02
7.368397712707519531e-02
7.064342498779296875e-02
6.965255737304687500e-02
7.491540908813476562e-02
7.793927192687988281e-02
9.457135200500488281e-02
7.046151161193847656e-02
7.809257507324218750e-02
7.917499542236328125e-02
7.437515258789062500e-02
7.963824272155761719e-02
6.978917121887207031e-02
6.365203857421875000e-02
8.305788040161132812e-02
8.004403114318847656e-02
9.285378456115722656e-02
7.534909248352050781e-02
9.360313415527343750e-02
8.122634887695312500e-02
7.345294952392578125e-02
7.932806015014648438e-02
5.716609954833984375e-02
7.510209083557128906e-02
8.751082420349121094e-02
8.220648765563964844e-02
6.743645668029785156e-02
8.880829811096191406e-02
8.981084823608398438e-02
7.835602760314941406e-02
8.782243728637695312e-02
8.088493347167968750e-02
1.166167259216308594e-01
8.509302139282226562e-02
9.686136245727539062e-02
1.051027774810791016e-01
6.368255615234375000e-02
7.674527168273925781e-02
8.691811561584472656e-02
1.094968318939208984e-01
8.619999885559082031e-02
7.931113243103027344e-02
9.069919586181640625e-02
7.372093200683593750e-02
7.766103744506835938e-02
7.383775711059570312e-02
7.368040084838867188e-02
7.887935638427734375e-02
7.593631744384765625e-02
6.723093986511230469e-02
6.976175308227539062e-02
7.319688796997070312e-02
7.715296745300292969e-02
7.434105873107910156e-02
7.519769668579101562e-02
7.348823547363281250e-02
7.030415534973144531e-02
7.438850402832031250e-02
9.505844116210937500e-02
7.581448554992675781e-02
8.049154281616210938e-02
9.520554542541503906e-02
7.624340057373046875e-02
7.766008377075195312e-02
7.402181625366210938e-02
8.746838569641113281e-02
7.770037651062011719e-02
7.991218566894531250e-02
7.931947708129882812e-02
7.382965087890625000e-02
6.211328506469726562e-02
6.920146942138671875e-02
7.652163505554199219e-02
6.686925888061523438e-02
8.504056930541992188e-02
8.878207206726074219e-02
7.357692718505859375e-02
1.037976741790771484e-01
7.323479652404785156e-02
7.023906707763671875e-02
8.471584320068359375e-02
7.424426078796386719e-02
7.813239097595214844e-02
7.301545143127441406e-02
7.199382781982421875e-02
7.679557800292968750e-02
7.864832878112792969e-02
3.546841144561767578e-01
1.162476539611816406e-01
1.195592880249023438e-01
7.574295997619628906e-02
8.896827697753906250e-02
8.580517768859863281e-02
6.700968742370605469e-02
6.819796562194824219e-02
7.276201248168945312e-02
7.550644874572753906e-02
8.038210868835449219e-02
6.890916824340820312e-02
7.090663909912109375e-02
6.535553932189941406e-02
6.163072586059570312e-02
7.028150558471679688e-02
1.256296634674072266e-01
7.082104682922363281e-02
9.346151351928710938e-02
8.724904060363769531e-02
6.982517242431640625e-02
8.056426048278808594e-02
9.723567962646484375e-02
1.337294578552246094e-01
7.790422439575195312e-02
6.708478927612304688e-02
6.847357749938964844e-02
7.546567916870117188e-02
8.010768890380859375e-02
6.746196746826171875e-02
6.733632087707519531e-02
6.478285789489746094e-02
7.040739059448242188e-02
5.670380592346191406e-02
6.922650337219238281e-02
1.145980358123779297e-01
7.322287559509277344e-02
6.672692298889160156e-02
7.056856155395507812e-02
8.248543739318847656e-02
6.671595573425292969e-02
8.266973495483398438e-02
8.086752891540527344e-02
6.585597991943359375e-02
6.758809089660644531e-02
7.294297218322753906e-02
7.784748077392578125e-02
6.703615188598632812e-02
6.939840316772460938e-02
5.962038040161132812e-02
7.130956649780273438e-02
5.936098098754882812e-02
6.694102287292480469e-02
6.898355484008789062e-02
6.079411506652832031e-02
8.271121978759765625e-02
6.446361541748046875e-02
7.460856437683105469e-02
8.237242698669433594e-02
6.492733955383300781e-02
6.953597068786621094e-02
7.117390632629394531e-02
6.485915184020996094e-02
5.709052085876464844e-02
6.020307540893554688e-02
6.677937507629394531e-02
7.146310806274414062e-02
8.562874794006347656e-02
6.941342353820800781e-02
7.231497764587402344e-02
6.776404380798339844e-02
6.047940254211425781e-02
7.825231552124023438e-02
6.621050834655761719e-02
7.114386558532714844e-02
6.030225753784179688e-02
6.583023071289062500e-02
7.124423980712890625e-02
6.809663772583007812e-02
6.408643722534179688e-02
7.235789299011230469e-02
6.519722938537597656e-02
6.006598472595214844e-02
6.561255455017089844e-02
7.358455657958984375e-02
6.218433380126953125e-02
7.568955421447753906e-02
7.559347152709960938e-02
6.762290000915527344e-02
6.442928314208984375e-02
6.704163551330566406e-02
6.977963447570800781e-02
7.843685150146484375e-02
8.216619491577148438e-02
6.830739974975585938e-02
6.771826744079589844e-02
6.959486007690429688e-02
7.122492790222167969e-02
6.996417045593261719e-02
6.574606895446777344e-02
7.332801818847656250e-02
7.221651077270507812e-02
6.828379631042480469e-02
7.742524147033691406e-02
7.431769371032714844e-02
7.347130775451660156e-02
6.714725494384765625e-02
7.289624214172363281e-02
7.279229164123535156e-02
7.165575027465820312e-02
7.449698448181152344e-02
7.064747810363769531e-02
7.269644737243652344e-02
7.540059089660644531e-02
8.129286766052246094e-02
6.974148750305175781e-02
6.641077995300292969e-02
6.713342666625976562e-02
6.584453582763671875e-02
8.182072639465332031e-02
7.387995719909667969e-02
7.714271545410156250e-02
7.508134841918945312e-02
9.291887283325195312e-02
7.762360572814941406e-02
7.844042778015136719e-02
7.745265960693359375e-02
7.598662376403808594e-02
7.651090621948242188e-02
6.983423233032226562e-02
7.449722290039062500e-02
7.502722740173339844e-02
7.954621315002441406e-02
7.556486129760742188e-02
7.065176963806152344e-02
6.407356262207031250e-02
7.430648803710937500e-02
6.757760047912597656e-02
7.153201103210449219e-02
6.998443603515625000e-02
7.472395896911621094e-02
7.932448387145996094e-02
7.254219055175781250e-02
7.660079002380371094e-02
7.987427711486816406e-02
8.646607398986816406e-02
9.536933898925781250e-02
9.787845611572265625e-02
7.427144050598144531e-02
8.110809326171875000e-02
7.210612297058105469e-02
6.696319580078125000e-02
6.825113296508789062e-02
7.716393470764160156e-02
7.006120681762695312e-02
7.641434669494628906e-02
6.574630737304687500e-02
7.245612144470214844e-02
7.351231575012207031e-02
8.209943771362304688e-02
7.727885246276855469e-02
6.653547286987304688e-02
7.666182518005371094e-02
7.581925392150878906e-02
7.391667366027832031e-02
6.709361076354980469e-02
6.854796409606933594e-02
6.740951538085937500e-02
7.021617889404296875e-02
6.766438484191894531e-02
6.522727012634277344e-02
6.221270561218261719e-02
6.669783592224121094e-02
7.396149635314941406e-02
6.335568428039550781e-02
6.479644775390625000e-02
7.651972770690917969e-02
7.346940040588378906e-02
8.009648323059082031e-02
6.838226318359375000e-02
7.157707214355468750e-02
7.860684394836425781e-02
7.704544067382812500e-02
7.096338272094726562e-02
6.402277946472167969e-02
6.913542747497558594e-02
6.635069847106933594e-02
5.935859680175781250e-02
6.058764457702636719e-02
7.238435745239257812e-02
5.831766128540039062e-02
6.724119186401367188e-02
6.345677375793457031e-02
6.652474403381347656e-02
8.071446418762207031e-02
6.756567955017089844e-02
7.109355926513671875e-02
6.618094444274902344e-02
7.088947296142578125e-02
7.371068000793457031e-02
