3.713130950927734375e-03
3.304481506347656250e-03
3.250360488891601562e-03
3.271102905273437500e-03
3.263950347900390625e-03
3.273248672485351562e-03
3.237724304199218750e-03
3.227233886718750000e-03
3.253221511840820312e-03
3.238677978515625000e-03
3.267526626586914062e-03
3.228664398193359375e-03
3.232955932617187500e-03
3.289461135864257812e-03
3.237247467041015625e-03
3.270626068115234375e-03
3.245830535888671875e-03
3.229618072509765625e-03
3.252029418945312500e-03
3.232479095458984375e-03
3.292322158813476562e-03
3.236055374145507812e-03
3.266572952270507812e-03
3.227949142456054688e-03
3.264188766479492188e-03
3.230333328247070312e-03
3.236770629882812500e-03
3.228664398193359375e-03
3.262519836425781250e-03
3.228664398193359375e-03
3.231763839721679688e-03
3.226995468139648438e-03
3.264904022216796875e-03
3.331661224365234375e-03
3.237962722778320312e-03
3.324985504150390625e-03
3.229141235351562500e-03
3.264188766479492188e-03
3.237724304199218750e-03
3.268241882324218750e-03
3.255844116210937500e-03
3.233909606933593750e-03
3.246784210205078125e-03
3.231525421142578125e-03
3.225803375244140625e-03
3.265142440795898438e-03
3.228664398193359375e-03
3.270149230957031250e-03
3.231287002563476562e-03
3.268241882324218750e-03
3.230333328247070312e-03
3.266334533691406250e-03
3.221750259399414062e-03
3.268003463745117188e-03
3.286600112915039062e-03
3.226041793823242188e-03
3.274917602539062500e-03
3.229856491088867188e-03
3.252744674682617188e-03
3.232717514038085938e-03
3.224372863769531250e-03
3.265619277954101562e-03
3.231525421142578125e-03
3.265857696533203125e-03
3.240585327148437500e-03
3.226280212402343750e-03
3.337621688842773438e-03
3.225088119506835938e-03
3.247737884521484375e-03
3.230333328247070312e-03
3.253698348999023438e-03
3.221750259399414062e-03
3.299951553344726562e-03
3.295421600341796875e-03
3.236532211303710938e-03
3.367662429809570312e-03
3.293752670288085938e-03
3.290176391601562500e-03
3.248453140258789062e-03
3.231048583984375000e-03
3.246545791625976562e-03
3.239154815673828125e-03
3.222942352294921875e-03
3.266096115112304688e-03
3.228187561035156250e-03
3.249168395996093750e-03
3.445148468017578125e-03
3.228187561035156250e-03
3.264427185058593750e-03
3.225564956665039062e-03
3.265142440795898438e-03
3.263235092163085938e-03
3.231287002563476562e-03
3.265619277954101562e-03
3.226757049560546875e-03
3.235340118408203125e-03
3.311157226562500000e-03
3.267049789428710938e-03
3.273010253906250000e-03
3.253936767578125000e-03
3.231763839721679688e-03
3.229379653930664062e-03
3.267288208007812500e-03
3.420352935791015625e-03
3.453016281127929688e-03
3.231763839721679688e-03
3.251552581787109375e-03
3.229379653930664062e-03
3.251075744628906250e-03
3.239870071411132812e-03
3.252029418945312500e-03
3.232955932617187500e-03
3.232002258300781250e-03
3.265380859375000000e-03
3.239631652832031250e-03
3.264904022216796875e-03
3.230094909667968750e-03
3.343343734741210938e-03
3.934860229492187500e-03
3.266334533691406250e-03
3.329277038574218750e-03
3.228425979614257812e-03
3.248214721679687500e-03
3.235101699829101562e-03
3.222465515136718750e-03
3.224849700927734375e-03
3.267765045166015625e-03
3.226280212402343750e-03
3.264188766479492188e-03
3.227949142456054688e-03
3.269910812377929688e-03
3.242731094360351562e-03
3.230094909667968750e-03
3.231287002563476562e-03
3.268003463745117188e-03
3.236293792724609375e-03
3.269672393798828125e-03
3.222227096557617188e-03
3.233432769775390625e-03
3.229856491088867188e-03
3.234863281250000000e-03
3.236055374145507812e-03
3.267526626586914062e-03
3.241300582885742188e-03
3.239393234252929688e-03
3.236770629882812500e-03
3.296613693237304688e-03
3.253936767578125000e-03
3.232240676879882812e-03
3.252983093261718750e-03
3.239154815673828125e-03
3.300666809082031250e-03
3.292560577392578125e-03
3.255128860473632812e-03
3.233432769775390625e-03
3.232002258300781250e-03
3.267765045166015625e-03
3.238201141357421875e-03
3.235816955566406250e-03
3.288269042968750000e-03
3.227233886718750000e-03
3.280878067016601562e-03
3.224611282348632812e-03
3.246307373046875000e-03
3.274679183959960938e-03
3.224611282348632812e-03
3.283262252807617188e-03
3.332853317260742188e-03
3.272294998168945312e-03
3.233909606933593750e-03
3.286600112915039062e-03
3.225564956665039062e-03
3.223657608032226562e-03
3.285884857177734375e-03
3.283977508544921875e-03
3.229618072509765625e-03
3.222703933715820312e-03
3.245115280151367188e-03
3.264904022216796875e-03
3.232955932617187500e-03
3.264665603637695312e-03
3.282308578491210938e-03
3.232479095458984375e-03
3.237009048461914062e-03
3.263235092163085938e-03
3.239393234252929688e-03
3.277301788330078125e-03
3.223896026611328125e-03
3.254890441894531250e-03
3.229856491088867188e-03
3.232240676879882812e-03
3.225326538085937500e-03
3.266811370849609375e-03
3.285646438598632812e-03
3.251552581787109375e-03
3.251075744628906250e-03
3.227472305297851562e-03
3.226041793823242188e-03
3.269195556640625000e-03
3.235101699829101562e-03
7.911682128906250000e-03
3.149986267089843750e-03
2.819776535034179688e-03
3.309249877929687500e-03
2.853155136108398438e-03
2.445459365844726562e-03
3.150224685668945312e-03
2.637624740600585938e-03
2.737522125244140625e-03
2.942800521850585938e-03
3.252983093261718750e-03
2.453327178955078125e-03
3.095865249633789062e-03
3.237485885620117188e-03
3.252267837524414062e-03
3.358125686645507812e-03
3.242492675781250000e-03
3.821134567260742188e-03
2.173662185668945312e-03
2.454042434692382812e-03
2.855062484741210938e-03
2.197504043579101562e-03
2.579212188720703125e-03
2.341270446777343750e-03
2.253770828247070312e-03
2.936840057373046875e-03
2.596855163574218750e-03
2.312660217285156250e-03
2.931356430053710938e-03
2.630233764648437500e-03
2.319335937500000000e-03
2.254962921142578125e-03
2.641201019287109375e-03
2.781629562377929688e-03
2.870082855224609375e-03
3.220796585083007812e-03
3.314256668090820312e-03
3.222227096557617188e-03
3.040552139282226562e-03
2.821445465087890625e-03
1.998424530029296875e-03
2.611160278320312500e-03
2.763271331787109375e-03
2.679347991943359375e-03
2.053022384643554688e-03
2.578973770141601562e-03
2.553701400756835938e-03
2.244472503662109375e-03
2.429485321044921875e-03
2.570390701293945312e-03
2.442359924316406250e-03
2.637624740600585938e-03
2.597332000732421875e-03
2.636194229125976562e-03
3.158569335937500000e-03
3.282070159912109375e-03
2.885103225708007812e-03
2.890110015869140625e-03
2.368927001953125000e-03
2.981424331665039062e-03
3.052473068237304688e-03
2.680301666259765625e-03
2.660274505615234375e-03
2.786397933959960938e-03
2.764463424682617188e-03
2.506256103515625000e-03
2.380132675170898438e-03
2.839803695678710938e-03
2.207040786743164062e-03
2.797126770019531250e-03
2.459526062011718750e-03
2.484560012817382812e-03
2.562284469604492188e-03
2.374887466430664062e-03
2.506494522094726562e-03
2.678394317626953125e-03
2.985477447509765625e-03
2.433300018310546875e-03
2.983331680297851562e-03
1.985549926757812500e-03
2.945899963378906250e-03
2.985715866088867188e-03
2.842903137207031250e-03
3.248691558837890625e-03
2.882957458496093750e-03
2.495050430297851562e-03
2.115726470947265625e-03
2.558708190917968750e-03
2.152442932128906250e-03
2.853155136108398438e-03
2.518177032470703125e-03
2.252578735351562500e-03
1.984119415283203125e-03
2.373456954956054688e-03
2.158164978027343750e-03
1.887798309326171875e-03
2.211809158325195312e-03
2.635478973388671875e-03
2.662181854248046875e-03
2.308130264282226562e-03
2.258062362670898438e-03
2.375125885009765625e-03
2.197980880737304688e-03
3.009796142578125000e-03
3.061771392822265625e-03
3.134250640869140625e-03
2.974033355712890625e-03
2.489089965820312500e-03
2.664089202880859375e-03
2.369403839111328125e-03
2.451419830322265625e-03
2.378702163696289062e-03
2.040863037109375000e-03
2.491950988769531250e-03
2.093076705932617188e-03
1.636981964111328125e-03
2.913475036621093750e-03
2.558708190917968750e-03
2.272844314575195312e-03
2.271890640258789062e-03
1.829862594604492188e-03
2.038478851318359375e-03
2.434730529785156250e-03
2.377271652221679688e-03
2.947330474853515625e-03
3.149986267089843750e-03
3.259897232055664062e-03
3.175258636474609375e-03
3.175973892211914062e-03
2.631902694702148438e-03
2.888441085815429688e-03
2.499341964721679688e-03
2.214670181274414062e-03
2.604484558105468750e-03
2.584218978881835938e-03
2.040624618530273438e-03
2.633094787597656250e-03
3.066062927246093750e-03
1.538991928100585938e-03
2.564907073974609375e-03
2.891540527343750000e-03
1.885414123535156250e-03
2.518892288208007812e-03
2.558708190917968750e-03
3.380537033081054688e-03
3.262042999267578125e-03
3.254175186157226562e-03
3.138065338134765625e-03
3.046035766601562500e-03
2.209901809692382812e-03
2.438306808471679688e-03
3.169775009155273438e-03
2.768278121948242188e-03
2.385854721069335938e-03
2.599716186523437500e-03
2.672910690307617188e-03
2.402544021606445312e-03
2.704143524169921875e-03
2.558231353759765625e-03
1.990079879760742188e-03
2.369403839111328125e-03
2.669334411621093750e-03
3.113508224487304688e-03
3.183841705322265625e-03
3.240346908569335938e-03
2.886772155761718750e-03
2.501964569091796875e-03
2.376317977905273438e-03
2.554893493652343750e-03
2.982378005981445312e-03
2.810239791870117188e-03
3.293991088867187500e-03
3.302097320556640625e-03
2.973318099975585938e-03
2.730607986450195312e-03
3.059148788452148438e-03
2.379894256591796875e-03
2.719163894653320312e-03
2.664327621459960938e-03
3.026247024536132812e-03
2.822637557983398438e-03
2.635717391967773438e-03
3.144264221191406250e-03
2.484560012817382812e-03
2.840518951416015625e-03
3.156661987304687500e-03
3.004312515258789062e-03
2.371549606323242188e-03
3.113746643066406250e-03
2.699613571166992188e-03
2.552509307861328125e-03
3.276348114013671875e-03
3.261089324951171875e-03
3.236770629882812500e-03
3.144264221191406250e-03
2.800941467285156250e-03
3.193140029907226562e-03
2.796888351440429688e-03
2.106904983520507812e-03
3.092050552368164062e-03
4.531621932983398438e-03
2.640485763549804688e-03
2.273082733154296875e-03
2.802848815917968750e-03
2.048730850219726562e-03
2.612352371215820312e-03
2.446889877319335938e-03
2.151012420654296875e-03
1.682519912719726562e-03
2.263069152832031250e-03
1.828908920288085938e-03
2.218484878540039062e-03
2.872705459594726562e-03
2.196073532104492188e-03
2.595186233520507812e-03
2.636194229125976562e-03
2.950668334960937500e-03
2.386331558227539062e-03
1.777410507202148438e-03
2.498149871826171875e-03
3.192424774169921875e-03
2.820491790771484375e-03
3.192901611328125000e-03
2.382516860961914062e-03
2.873659133911132812e-03
2.254247665405273438e-03
1.793622970581054688e-03
2.199411392211914062e-03
2.268552780151367188e-03
2.783060073852539062e-03
2.030611038208007812e-03
2.897739410400390625e-03
2.809047698974609375e-03
2.717733383178710938e-03
2.503395080566406250e-03
2.865791320800781250e-03
2.436876296997070312e-03
3.041982650756835938e-03
2.305507659912109375e-03
2.766370773315429688e-03
2.383232116699218750e-03
2.429723739624023438e-03
2.634286880493164062e-03
2.501249313354492188e-03
1.876115798950195312e-03
2.153873443603515625e-03
2.558469772338867188e-03
3.073453903198242188e-03
2.784490585327148438e-03
2.490282058715820312e-03
3.166675567626953125e-03
2.700090408325195312e-03
3.020286560058593750e-03
3.288507461547851562e-03
2.769231796264648438e-03
2.669811248779296875e-03
3.103256225585937500e-03
3.048658370971679688e-03
2.671480178833007812e-03
2.324581146240234375e-03
2.649068832397460938e-03
2.635478973388671875e-03
2.143859863281250000e-03
2.438545227050781250e-03
2.085447311401367188e-03
2.213001251220703125e-03
2.098560333251953125e-03
2.048730850219726562e-03
2.256155014038085938e-03
2.439498901367187500e-03
3.104209899902343750e-03
2.263784408569335938e-03
2.375841140747070312e-03
2.700090408325195312e-03
2.760648727416992188e-03
2.743244171142578125e-03
2.656459808349609375e-03
2.387762069702148438e-03
2.682685852050781250e-03
2.925634384155273438e-03
2.853393554687500000e-03
2.782344818115234375e-03
3.106117248535156250e-03
2.790451049804687500e-03
2.041101455688476562e-03
2.202272415161132812e-03
2.445459365844726562e-03
2.264261245727539062e-03
3.507852554321289062e-03
2.214670181274414062e-03
2.638816833496093750e-03
2.220392227172851562e-03
2.746582031250000000e-03
2.774953842163085938e-03
2.370595932006835938e-03
2.768993377685546875e-03
2.643585205078125000e-03
2.660989761352539062e-03
2.995729446411132812e-03
2.753973007202148438e-03
2.573728561401367188e-03
2.251625061035156250e-03
2.801179885864257812e-03
2.441406250000000000e-03
2.265453338623046875e-03
3.024816513061523438e-03
2.631664276123046875e-03
2.990007400512695312e-03
2.722978591918945312e-03
2.382755279541015625e-03
3.002882003784179688e-03
3.106594085693359375e-03
3.261804580688476562e-03
2.747058868408203125e-03
2.756118774414062500e-03
2.494573593139648438e-03
3.029823303222656250e-03
2.568006515502929688e-03
2.095699310302734375e-03
3.043174743652343750e-03
2.374887466430664062e-03
1.884222030639648438e-03
1.982927322387695312e-03
2.328872680664062500e-03
2.374649047851562500e-03
2.038478851318359375e-03
2.092123031616210938e-03
2.638578414916992188e-03
2.568483352661132812e-03
2.450942993164062500e-03
3.168344497680664062e-03
2.835273742675781250e-03
2.521753311157226562e-03
3.307104110717773438e-03
3.305912017822265625e-03
3.273010253906250000e-03
3.210544586181640625e-03
3.113031387329101562e-03
2.394437789916992188e-03
2.377271652221679688e-03
2.750396728515625000e-03
2.313375473022460938e-03
2.500534057617187500e-03
2.308845520019531250e-03
2.572774887084960938e-03
1.996040344238281250e-03
2.591848373413085938e-03
2.637863159179687500e-03
2.316951751708984375e-03
2.501726150512695312e-03
2.641916275024414062e-03
2.610445022583007812e-03
2.982854843139648438e-03
2.780675888061523438e-03
3.182172775268554688e-03
2.808570861816406250e-03
3.268718719482421875e-03
3.318309783935546875e-03
3.187894821166992188e-03
3.231048583984375000e-03
2.265691757202148438e-03
3.047704696655273438e-03
3.053903579711914062e-03
2.662420272827148438e-03
2.620697021484375000e-03
2.988576889038085938e-03
2.389192581176757812e-03
2.505540847778320312e-03
2.791881561279296875e-03
3.021717071533203125e-03
2.959728240966796875e-03
2.385854721069335938e-03
2.144336700439453125e-03
2.740383148193359375e-03
3.132104873657226562e-03
2.830982208251953125e-03
3.162860870361328125e-03
2.778053283691406250e-03
2.451658248901367188e-03
2.323389053344726562e-03
2.728939056396484375e-03
2.259254455566406250e-03
2.382516860961914062e-03
2.709150314331054688e-03
2.562761306762695312e-03
2.601861953735351562e-03
2.834081649780273438e-03
2.615451812744140625e-03
2.666711807250976562e-03
2.440690994262695312e-03
2.204895019531250000e-03
2.379417419433593750e-03
2.147197723388671875e-03
2.787828445434570312e-03
2.813816070556640625e-03
2.727746963500976562e-03
2.986669540405273438e-03
3.001451492309570312e-03
2.199411392211914062e-03
1.756906509399414062e-03
4.868984222412109375e-03
2.789258956909179688e-03
3.124475479125976562e-03
2.364873886108398438e-03
3.014087677001953125e-03
2.239465713500976562e-03
2.460718154907226562e-03
2.219676971435546875e-03
3.199338912963867188e-03
2.739191055297851562e-03
2.732753753662109375e-03
3.138542175292968750e-03
2.281904220581054688e-03
2.510786056518554688e-03
2.512693405151367188e-03
2.433776855468750000e-03
2.269506454467773438e-03
2.283334732055664062e-03
2.637147903442382812e-03
2.265691757202148438e-03
2.582311630249023438e-03
2.335786819458007812e-03
2.445459365844726562e-03
3.057956695556640625e-03
3.002166748046875000e-03
2.384185791015625000e-03
3.228664398193359375e-03
3.206729888916015625e-03
2.810716629028320312e-03
3.259181976318359375e-03
3.142118453979492188e-03
2.798318862915039062e-03
2.739429473876953125e-03
2.165079116821289062e-03
2.250194549560546875e-03
2.837419509887695312e-03
2.112865447998046875e-03
2.163171768188476562e-03
2.140283584594726562e-03
1.901149749755859375e-03
2.055644989013671875e-03
2.288818359375000000e-03
2.385616302490234375e-03
2.374172210693359375e-03
2.675294876098632812e-03
3.077983856201171875e-03
2.432346343994140625e-03
2.674818038940429688e-03
3.048658370971679688e-03
2.333164215087890625e-03
3.021717071533203125e-03
2.510309219360351562e-03
2.449512481689453125e-03
2.309799194335937500e-03
2.567052841186523438e-03
2.924442291259765625e-03
1.840114593505859375e-03
1.940965652465820312e-03
2.156734466552734375e-03
2.393007278442382812e-03
2.100229263305664062e-03
2.568960189819335938e-03
2.443075180053710938e-03
2.129793167114257812e-03
2.693176269531250000e-03
2.683877944946289062e-03
2.511739730834960938e-03
2.640962600708007812e-03
2.402544021606445312e-03
1.784801483154296875e-03
2.349615097045898438e-03
3.051042556762695312e-03
2.835988998413085938e-03
2.508878707885742188e-03
2.573966979980468750e-03
2.960205078125000000e-03
2.503871917724609375e-03
2.379894256591796875e-03
2.468109130859375000e-03
2.611160278320312500e-03
2.272844314575195312e-03
2.967119216918945312e-03
2.439975738525390625e-03
2.610445022583007812e-03
2.508401870727539062e-03
2.207756042480468750e-03
1.889467239379882812e-03
2.269029617309570312e-03
2.281904220581054688e-03
2.884864807128906250e-03
3.114223480224609375e-03
3.079652786254882812e-03
2.703905105590820312e-03
2.146005630493164062e-03
2.987623214721679688e-03
2.643108367919921875e-03
2.770185470581054688e-03
2.450704574584960938e-03
2.759695053100585938e-03
2.774715423583984375e-03
2.208948135375976562e-03
3.050088882446289062e-03
2.341270446777343750e-03
2.324819564819335938e-03
2.067327499389648438e-03
2.222299575805664062e-03
2.486705780029296875e-03
2.475023269653320312e-03
2.508878707885742188e-03
2.330541610717773438e-03
2.042531967163085938e-03
2.677202224731445312e-03
1.887321472167968750e-03
2.918720245361328125e-03
2.855300903320312500e-03
2.208948135375976562e-03
2.569675445556640625e-03
2.257585525512695312e-03
2.694129943847656250e-03
2.317905426025390625e-03
2.156972885131835938e-03
2.447605133056640625e-03
2.275228500366210938e-03
2.177715301513671875e-03
2.574682235717773438e-03
2.714633941650390625e-03
2.388238906860351562e-03
2.211093902587890625e-03
3.157138824462890625e-03
2.210617065429687500e-03
2.905130386352539062e-03
2.672910690307617188e-03
3.144264221191406250e-03
2.301692962646484375e-03
2.407073974609375000e-03
2.796888351440429688e-03
2.666234970092773438e-03
2.343416213989257812e-03
3.107309341430664062e-03
2.461671829223632812e-03
2.161502838134765625e-03
2.102375030517578125e-03
2.479076385498046875e-03
2.615928649902343750e-03
1.594543457031250000e-03
2.756834030151367188e-03
3.077507019042968750e-03
3.123760223388671875e-03
2.885341644287109375e-03
3.193855285644531250e-03
2.720594406127929688e-03
3.226041793823242188e-03
2.896785736083984375e-03
2.872467041015625000e-03
3.240346908569335938e-03
2.750396728515625000e-03
2.727746963500976562e-03
3.192663192749023438e-03
2.444028854370117188e-03
2.720117568969726562e-03
2.613782882690429688e-03
2.394437789916992188e-03
1.965522766113281250e-03
2.640247344970703125e-03
2.510547637939453125e-03
2.994537353515625000e-03
3.012418746948242188e-03
2.787351608276367188e-03
2.730369567871093750e-03
2.800464630126953125e-03
3.216028213500976562e-03
2.838134765625000000e-03
3.189802169799804688e-03
2.792596817016601562e-03
3.114223480224609375e-03
2.769231796264648438e-03
2.862453460693359375e-03
3.306388854980468750e-03
2.927541732788085938e-03
2.096891403198242188e-03
3.024816513061523438e-03
2.669572830200195312e-03
2.095460891723632812e-03
2.039909362792968750e-03
2.526521682739257812e-03
2.333402633666992188e-03
2.094507217407226562e-03
3.009319305419921875e-03
2.705335617065429688e-03
3.068923950195312500e-03
3.118276596069335938e-03
2.766370773315429688e-03
2.708911895751953125e-03
2.789974212646484375e-03
2.767324447631835938e-03
2.801656723022460938e-03
2.501010894775390625e-03
2.909660339355468750e-03
3.237962722778320312e-03
3.042459487915039062e-03
4.428625106811523438e-03
3.341674804687500000e-03
2.080202102661132812e-03
2.981185913085937500e-03
2.520561218261718750e-03
1.987457275390625000e-03
2.223968505859375000e-03
2.728223800659179688e-03
2.198696136474609375e-03
2.375841140747070312e-03
2.712488174438476562e-03
3.195762634277343750e-03
2.486467361450195312e-03
2.774000167846679688e-03
3.045082092285156250e-03
2.843856811523437500e-03
2.833843231201171875e-03
3.195285797119140625e-03
2.818107604980468750e-03
2.778291702270507812e-03
2.738237380981445312e-03
2.150535583496093750e-03
1.928091049194335938e-03
2.614021301269531250e-03
2.308368682861328125e-03
2.092361450195312500e-03
2.434730529785156250e-03
1.736879348754882812e-03
2.106904983520507812e-03
2.559423446655273438e-03
2.823591232299804688e-03
2.815485000610351562e-03
3.312110900878906250e-03
3.253221511840820312e-03
3.192424774169921875e-03
3.261089324951171875e-03
3.261089324951171875e-03
3.236055374145507812e-03
2.724409103393554688e-03
2.321243286132812500e-03
2.310991287231445312e-03
2.265930175781250000e-03
2.034187316894531250e-03
2.616643905639648438e-03
2.665519714355468750e-03
1.578092575073242188e-03
2.212047576904296875e-03
2.042531967163085938e-03
1.783847808837890625e-03
2.053976058959960938e-03
2.667665481567382812e-03
2.376794815063476562e-03
2.694845199584960938e-03
3.176689147949218750e-03
3.187656402587890625e-03
2.853631973266601562e-03
3.256559371948242188e-03
2.889156341552734375e-03
3.070116043090820312e-03
2.763032913208007812e-03
3.137826919555664062e-03
2.314329147338867188e-03
2.967357635498046875e-03
2.599954605102539062e-03
2.332687377929687500e-03
2.389669418334960938e-03
2.502679824829101562e-03
2.630710601806640625e-03
2.145767211914062500e-03
2.214670181274414062e-03
2.031326293945312500e-03
1.940965652465820312e-03
2.104282379150390625e-03
2.622365951538085938e-03
2.434492111206054688e-03
2.328634262084960938e-03
3.170967102050781250e-03
3.159046173095703125e-03
3.130674362182617188e-03
3.246068954467773438e-03
2.812147140502929688e-03
2.759695053100585938e-03
2.308368682861328125e-03
3.021955490112304688e-03
2.315521240234375000e-03
2.769470214843750000e-03
3.244400024414062500e-03
2.431154251098632812e-03
2.778530120849609375e-03
2.921581268310546875e-03
2.448797225952148438e-03
2.029180526733398438e-03
2.174854278564453125e-03
2.293586730957031250e-03
2.089977264404296875e-03
1.991987228393554688e-03
2.253055572509765625e-03
2.721309661865234375e-03
2.151966094970703125e-03
3.131151199340820312e-03
2.731800079345703125e-03
2.422571182250976562e-03
2.261400222778320312e-03
2.889633178710937500e-03
1.955986022949218750e-03
2.646207809448242188e-03
2.636432647705078125e-03
2.564668655395507812e-03
2.211570739746093750e-03
2.093315124511718750e-03
2.262830734252929688e-03
2.798080444335937500e-03
1.545667648315429688e-03
2.262830734252929688e-03
1.882076263427734375e-03
2.433776855468750000e-03
2.893924713134765625e-03
2.980232238769531250e-03
3.003120422363281250e-03
2.504587173461914062e-03
3.066778182983398438e-03
2.610921859741210938e-03
3.019094467163085938e-03
2.758741378784179688e-03
3.122806549072265625e-03
2.515316009521484375e-03
2.433538436889648438e-03
2.186536788940429688e-03
2.458095550537109375e-03
2.049207687377929688e-03
2.198219299316406250e-03
1.790046691894531250e-03
2.511739730834960938e-03
2.167463302612304688e-03
2.203226089477539062e-03
2.435207366943359375e-03
2.702713012695312500e-03
2.724885940551757812e-03
2.195119857788085938e-03
2.664804458618164062e-03
2.448320388793945312e-03
2.512693405151367188e-03
2.894639968872070312e-03
2.704620361328125000e-03
2.502679824829101562e-03
2.381801605224609375e-03
2.434015274047851562e-03
2.271413803100585938e-03
2.685308456420898438e-03
2.557516098022460938e-03
2.326488494873046875e-03
2.618789672851562500e-03
2.583503723144531250e-03
2.200365066528320312e-03
1.577138900756835938e-03
2.759218215942382812e-03
3.018140792846679688e-03
2.941608428955078125e-03
3.031492233276367188e-03
2.661943435668945312e-03
2.760648727416992188e-03
2.762794494628906250e-03
2.612113952636718750e-03
2.500295639038085938e-03
1.990079879760742188e-03
2.397298812866210938e-03
2.443790435791015625e-03
2.374649047851562500e-03
2.733707427978515625e-03
2.082347869873046875e-03
2.265453338623046875e-03
2.092838287353515625e-03
1.677513122558593750e-03
2.326250076293945312e-03
2.921819686889648438e-03
2.274990081787109375e-03
3.051757812500000000e-03
2.107381820678710938e-03
2.312421798706054688e-03
2.991914749145507812e-03
3.164052963256835938e-03
2.438306808471679688e-03
3.433227539062500000e-03
2.670764923095703125e-03
2.690076828002929688e-03
2.398967742919921875e-03
2.424001693725585938e-03
3.073453903198242188e-03
2.388238906860351562e-03
1.988649368286132812e-03
2.334594726562500000e-03
2.155542373657226562e-03
1.951932907104492188e-03
2.146720886230468750e-03
2.637147903442382812e-03
2.311229705810546875e-03
2.711296081542968750e-03
3.090858459472656250e-03
2.759456634521484375e-03
2.753734588623046875e-03
4.194021224975585938e-03
2.231836318969726562e-03
2.345323562622070312e-03
2.673149108886718750e-03
2.785682678222656250e-03
3.187417984008789062e-03
2.752065658569335938e-03
3.255844116210937500e-03
2.899169921875000000e-03
2.447605133056640625e-03
2.645254135131835938e-03
2.701282501220703125e-03
3.052473068237304688e-03
2.098798751831054688e-03
2.587795257568359375e-03
2.462148666381835938e-03
2.503871917724609375e-03
2.775907516479492188e-03
2.714395523071289062e-03
2.165317535400390625e-03
3.211736679077148438e-03
2.323865890502929688e-03
2.658367156982421875e-03
2.714395523071289062e-03
2.654790878295898438e-03
2.603054046630859375e-03
2.777576446533203125e-03
2.833843231201171875e-03
2.729415893554687500e-03
3.241539001464843750e-03
2.746343612670898438e-03
3.376007080078125000e-03
2.370595932006835938e-03
2.075195312500000000e-03
2.787113189697265625e-03
2.405166625976562500e-03
1.954317092895507812e-03
2.207517623901367188e-03
3.247022628784179688e-03
2.750873565673828125e-03
3.175020217895507812e-03
2.738475799560546875e-03
2.765893936157226562e-03
2.390861511230468750e-03
2.466917037963867188e-03
2.265691757202148438e-03
2.649545669555664062e-03
2.688646316528320312e-03
3.181934356689453125e-03
3.123044967651367188e-03
2.715349197387695312e-03
2.584934234619140625e-03
2.336740493774414062e-03
2.318382263183593750e-03
2.275228500366210938e-03
2.209424972534179688e-03
2.323865890502929688e-03
2.866983413696289062e-03
2.695083618164062500e-03
2.737522125244140625e-03
2.678155899047851562e-03
3.108501434326171875e-03
2.394437789916992188e-03
1.845836639404296875e-03
2.161026000976562500e-03
2.841949462890625000e-03
2.010107040405273438e-03
2.041816711425781250e-03
2.745866775512695312e-03
2.151012420654296875e-03
2.279520034790039062e-03
2.407312393188476562e-03
2.100467681884765625e-03
2.638816833496093750e-03
2.640962600708007812e-03
3.217935562133789062e-03
3.205299377441406250e-03
2.824306488037109375e-03
2.791404724121093750e-03
2.725601196289062500e-03
2.620697021484375000e-03
2.416610717773437500e-03
2.344846725463867188e-03
2.454996109008789062e-03
2.649307250976562500e-03
2.448081970214843750e-03
2.576828002929687500e-03
2.583980560302734375e-03
2.861261367797851562e-03
2.575397491455078125e-03
2.232789993286132812e-03
2.160310745239257812e-03
2.968072891235351562e-03
2.059459686279296875e-03
2.272367477416992188e-03
3.371000289916992188e-03
3.201007843017578125e-03
3.162860870361328125e-03
3.062486648559570312e-03
2.712011337280273438e-03
2.473354339599609375e-03
2.963542938232421875e-03
2.213001251220703125e-03
2.330064773559570312e-03
3.046512603759765625e-03
2.379417419433593750e-03
2.043008804321289062e-03
3.038644790649414062e-03
2.092599868774414062e-03
3.190755844116210938e-03
2.601861953735351562e-03
3.263950347900390625e-03
3.161668777465820312e-03
3.155469894409179688e-03
3.235578536987304688e-03
3.348588943481445312e-03
2.851486206054687500e-03
3.309965133666992188e-03
2.508878707885742188e-03
2.728939056396484375e-03
2.313137054443359375e-03
2.495288848876953125e-03
2.413988113403320312e-03
1.997947692871093750e-03
2.270460128784179688e-03
2.264738082885742188e-03
2.148151397705078125e-03
2.341747283935546875e-03
2.214908599853515625e-03
2.378940582275390625e-03
3.174066543579101562e-03
2.165794372558593750e-03
3.070116043090820312e-03
2.465009689331054688e-03
3.196001052856445312e-03
3.175497055053710938e-03
2.449035644531250000e-03
2.851247787475585938e-03
2.780199050903320312e-03
2.162933349609375000e-03
2.711057662963867188e-03
2.796411514282226562e-03
2.862215042114257812e-03
2.747297286987304688e-03
2.041101455688476562e-03
2.286672592163085938e-03
1.990079879760742188e-03
2.094030380249023438e-03
1.944541931152343750e-03
2.094984054565429688e-03
2.574920654296875000e-03
2.525568008422851562e-03
2.155065536499023438e-03
2.970933914184570312e-03
2.392530441284179688e-03
2.743005752563476562e-03
3.439188003540039062e-03
3.355026245117187500e-03
2.845048904418945312e-03
2.708673477172851562e-03
2.763509750366210938e-03
2.706289291381835938e-03
2.527236938476562500e-03
2.701759338378906250e-03
2.862215042114257812e-03
2.575874328613281250e-03
2.398252487182617188e-03
3.224611282348632812e-03
2.933979034423828125e-03
2.223014831542968750e-03
2.581596374511718750e-03
2.719402313232421875e-03
8.801460266113281250e-03
2.790927886962890625e-03
2.870082855224609375e-03
3.205537796020507812e-03
2.782106399536132812e-03
2.345323562622070312e-03
3.035306930541992188e-03
2.594470977783203125e-03
2.167701721191406250e-03
2.163887023925781250e-03
2.459526062011718750e-03
2.117633819580078125e-03
3.000497817993164062e-03
2.689361572265625000e-03
3.262281417846679688e-03
2.820014953613281250e-03
2.942562103271484375e-03
3.690242767333984375e-03
2.734899520874023438e-03
3.203392028808593750e-03
2.220630645751953125e-03
2.166748046875000000e-03
3.162384033203125000e-03
3.281593322753906250e-03
1.922369003295898438e-03
3.232240676879882812e-03
2.525091171264648438e-03
2.689361572265625000e-03
4.195690155029296875e-03
2.836465835571289062e-03
2.772808074951171875e-03
2.784252166748046875e-03
2.519369125366210938e-03
2.335548400878906250e-03
2.006292343139648438e-03
2.331018447875976562e-03
2.215862274169921875e-03
2.561330795288085938e-03
2.724409103393554688e-03
2.516746520996093750e-03
2.637624740600585938e-03
2.910137176513671875e-03
2.602815628051757812e-03
2.384424209594726562e-03
2.445220947265625000e-03
2.102375030517578125e-03
1.986980438232421875e-03
2.455234527587890625e-03
2.988100051879882812e-03
2.664327621459960938e-03
2.838373184204101562e-03
2.991437911987304688e-03
2.713918685913085938e-03
2.731323242187500000e-03
2.317428588867187500e-03
2.604246139526367188e-03
2.199411392211914062e-03
2.562999725341796875e-03
2.510309219360351562e-03
2.895832061767578125e-03
2.657651901245117188e-03
3.012180328369140625e-03
2.382516860961914062e-03
2.743721008300781250e-03
2.660512924194335938e-03
2.564668655395507812e-03
2.813816070556640625e-03
2.097606658935546875e-03
2.846956253051757812e-03
2.765417098999023438e-03
2.256870269775390625e-03
2.987623214721679688e-03
2.321243286132812500e-03
2.656221389770507812e-03
2.275705337524414062e-03
2.563476562500000000e-03
2.951145172119140625e-03
2.570390701293945312e-03
2.686262130737304688e-03
2.725362777709960938e-03
2.765178680419921875e-03
2.983331680297851562e-03
2.927780151367187500e-03
2.578020095825195312e-03
2.761125564575195312e-03
2.748966217041015625e-03
2.675294876098632812e-03
3.258466720581054688e-03
2.805709838867187500e-03
2.441406250000000000e-03
3.055810928344726562e-03
3.116607666015625000e-03
2.767801284790039062e-03
2.494096755981445312e-03
3.233671188354492188e-03
2.444028854370117188e-03
3.159761428833007812e-03
2.443075180053710938e-03
2.373933792114257812e-03
2.641677856445312500e-03
2.366542816162109375e-03
2.092599868774414062e-03
2.559423446655273438e-03
2.445220947265625000e-03
1.937866210937500000e-03
2.717018127441406250e-03
2.745151519775390625e-03
2.641916275024414062e-03
2.378940582275390625e-03
2.989768981933593750e-03
2.655982971191406250e-03
2.382755279541015625e-03
2.325296401977539062e-03
3.096103668212890625e-03
2.719402313232421875e-03
2.605199813842773438e-03
2.343416213989257812e-03
2.603292465209960938e-03
2.653360366821289062e-03
2.202510833740234375e-03
2.985477447509765625e-03
2.574443817138671875e-03
2.605199813842773438e-03
2.682924270629882812e-03
1.988172531127929688e-03
2.213954925537109375e-03
2.503395080566406250e-03
2.258539199829101562e-03
2.637863159179687500e-03
2.643108367919921875e-03
2.505064010620117188e-03
2.153158187866210938e-03
2.562284469604492188e-03
2.293586730957031250e-03
2.720355987548828125e-03
2.338647842407226562e-03
2.614021301269531250e-03
2.568244934082031250e-03
2.267122268676757812e-03
2.433538436889648438e-03
3.103494644165039062e-03
2.257108688354492188e-03
3.113508224487304688e-03
2.788543701171875000e-03
1.836299896240234375e-03
3.071546554565429688e-03
2.628087997436523438e-03
2.276897430419921875e-03
2.611637115478515625e-03
2.498149871826171875e-03
2.065658569335937500e-03
3.161907196044921875e-03
2.655506134033203125e-03
2.771615982055664062e-03
2.743482589721679688e-03
2.831697463989257812e-03
2.844333648681640625e-03
2.809762954711914062e-03
2.719640731811523438e-03
2.808809280395507812e-03
2.809762954711914062e-03
2.660751342773437500e-03
2.398967742919921875e-03
2.890825271606445312e-03
2.572536468505859375e-03
2.915143966674804688e-03
3.047943115234375000e-03
1.949071884155273438e-03
2.619266510009765625e-03
2.962827682495117188e-03
2.088785171508789062e-03
2.271413803100585938e-03
2.680301666259765625e-03
3.155231475830078125e-03
3.075122833251953125e-03
2.302169799804687500e-03
2.606630325317382812e-03
3.029584884643554688e-03
2.630233764648437500e-03
2.076387405395507812e-03
2.732753753662109375e-03
2.381324768066406250e-03
2.789735794067382812e-03
2.517700195312500000e-03
2.130508422851562500e-03
2.254486083984375000e-03
2.504825592041015625e-03
2.331495285034179688e-03
2.107858657836914062e-03
2.143383026123046875e-03
2.495050430297851562e-03
1.935005187988281250e-03
1.883029937744140625e-03
1.986503601074218750e-03
2.315759658813476562e-03
1.469850540161132812e-03
2.880096435546875000e-03
2.156734466552734375e-03
2.574205398559570312e-03
2.602815628051757812e-03
2.263069152832031250e-03
2.601146697998046875e-03
2.510070800781250000e-03
2.610206604003906250e-03
2.277374267578125000e-03
2.923488616943359375e-03
2.652645111083984375e-03
2.443313598632812500e-03
2.449750900268554688e-03
2.459287643432617188e-03
2.256393432617187500e-03
2.628803253173828125e-03
2.207040786743164062e-03
2.266407012939453125e-03
2.324581146240234375e-03
1.782655715942382812e-03
2.514600753784179688e-03
2.335548400878906250e-03
2.448797225952148438e-03
2.431392669677734375e-03
2.991914749145507812e-03
2.770662307739257812e-03
2.145528793334960938e-03
2.334594726562500000e-03
2.951383590698242188e-03
2.209901809692382812e-03
1.941919326782226562e-03
2.267122268676757812e-03
4.720687866210937500e-03
2.307176589965820312e-03
2.156257629394531250e-03
2.595901489257812500e-03
2.389907836914062500e-03
2.096414566040039062e-03
2.896308898925781250e-03
2.639532089233398438e-03
2.767324447631835938e-03
2.830982208251953125e-03
3.210544586181640625e-03
2.742528915405273438e-03
2.666234970092773438e-03
2.643346786499023438e-03
2.055168151855468750e-03
3.026008605957031250e-03
3.091812133789062500e-03
3.183126449584960938e-03
2.829551696777343750e-03
2.764225006103515625e-03
2.683877944946289062e-03
2.207279205322265625e-03
2.622127532958984375e-03
3.186225891113281250e-03
2.500057220458984375e-03
2.922773361206054688e-03
2.893209457397460938e-03
2.512931823730468750e-03
2.748250961303710938e-03
2.443313598632812500e-03
2.825021743774414062e-03
3.147125244140625000e-03
3.107309341430664062e-03
2.429962158203125000e-03
2.315998077392578125e-03
2.091646194458007812e-03
3.164052963256835938e-03
2.657413482666015625e-03
2.378702163696289062e-03
2.632141113281250000e-03
2.557992935180664062e-03
2.372980117797851562e-03
2.851963043212890625e-03
2.887487411499023438e-03
2.790212631225585938e-03
2.579212188720703125e-03
2.146720886230468750e-03
2.828836441040039062e-03
2.315998077392578125e-03
2.719879150390625000e-03
2.852916717529296875e-03
2.872943878173828125e-03
2.100944519042968750e-03
2.966165542602539062e-03
2.202272415161132812e-03
2.893686294555664062e-03
2.984285354614257812e-03
2.323627471923828125e-03
2.984046936035156250e-03
2.923250198364257812e-03
2.668142318725585938e-03
3.085374832153320312e-03
2.816438674926757812e-03
2.679824829101562500e-03
2.959489822387695312e-03
2.372264862060546875e-03
2.148389816284179688e-03
2.508640289306640625e-03
2.503633499145507812e-03
2.324104309082031250e-03
2.829790115356445312e-03
2.059459686279296875e-03
2.640008926391601562e-03
2.566099166870117188e-03
2.257347106933593750e-03
2.092123031616210938e-03
2.838134765625000000e-03
2.825975418090820312e-03
2.433776855468750000e-03
3.171443939208984375e-03
2.604246139526367188e-03
2.144575119018554688e-03
2.401351928710937500e-03
2.262115478515625000e-03
2.565622329711914062e-03
2.644300460815429688e-03
2.411603927612304688e-03
2.374887466430664062e-03
2.285718917846679688e-03
2.152204513549804688e-03
2.476930618286132812e-03
2.113819122314453125e-03
2.159118652343750000e-03
2.274036407470703125e-03
2.374410629272460938e-03
2.633333206176757812e-03
2.647638320922851562e-03
3.216028213500976562e-03
2.832651138305664062e-03
2.763509750366210938e-03
2.273321151733398438e-03
2.621173858642578125e-03
1.833915710449218750e-03
2.158880233764648438e-03
2.147197723388671875e-03
2.177953720092773438e-03
2.268791198730468750e-03
1.880645751953125000e-03
1.872301101684570312e-03
2.163410186767578125e-03
2.203941345214843750e-03
2.576589584350585938e-03
2.154111862182617188e-03
2.197504043579101562e-03
2.146482467651367188e-03
1.688718795776367188e-03
2.330303192138671875e-03
2.600193023681640625e-03
2.326965332031250000e-03
2.142906188964843750e-03
2.698421478271484375e-03
2.043247222900390625e-03
2.256393432617187500e-03
2.615451812744140625e-03
2.208232879638671875e-03
1.826286315917968750e-03
2.091169357299804688e-03
1.528263092041015625e-03
2.574443817138671875e-03
2.636194229125976562e-03
1.980781555175781250e-03
2.768516540527343750e-03
2.385377883911132812e-03
2.445697784423828125e-03
2.321958541870117188e-03
2.602815628051757812e-03
2.703189849853515625e-03
2.603769302368164062e-03
2.569675445556640625e-03
2.709388732910156250e-03
2.265453338623046875e-03
3.258943557739257812e-03
3.323316574096679688e-03
2.911090850830078125e-03
2.408504486083984375e-03
2.565622329711914062e-03
2.613067626953125000e-03
2.501726150512695312e-03
2.694606781005859375e-03
3.011941909790039062e-03
2.824783325195312500e-03
2.437114715576171875e-03
2.828359603881835938e-03
2.788543701171875000e-03
2.776384353637695312e-03
2.381324768066406250e-03
2.373456954956054688e-03
2.088785171508789062e-03
2.050876617431640625e-03
2.458572387695312500e-03
2.167224884033203125e-03
2.150535583496093750e-03
2.825975418090820312e-03
2.316713333129882812e-03
2.374172210693359375e-03
2.320528030395507812e-03
2.734661102294921875e-03
2.525568008422851562e-03
2.261400222778320312e-03
2.373933792114257812e-03
2.675056457519531250e-03
2.631902694702148438e-03
2.913951873779296875e-03
2.314329147338867188e-03
2.550125122070312500e-03
2.553701400756835938e-03
1.925468444824218750e-03
2.474308013916015625e-03
1.908063888549804688e-03
2.112388610839843750e-03
2.026796340942382812e-03
2.568483352661132812e-03
2.560377120971679688e-03
2.818346023559570312e-03
2.989292144775390625e-03
2.317667007446289062e-03
2.290010452270507812e-03
2.770423889160156250e-03
2.704381942749023438e-03
3.127098083496093750e-03
2.053022384643554688e-03
2.760648727416992188e-03
2.560138702392578125e-03
2.147197723388671875e-03
2.956628799438476562e-03
2.432584762573242188e-03
3.229379653930664062e-03
2.449989318847656250e-03
2.391815185546875000e-03
2.417325973510742188e-03
4.594564437866210938e-03
2.459049224853515625e-03
2.773761749267578125e-03
2.688169479370117188e-03
2.922296524047851562e-03
2.846717834472656250e-03
2.437353134155273438e-03
2.332210540771484375e-03
2.660751342773437500e-03
3.087759017944335938e-03
2.697944641113281250e-03
2.381086349487304688e-03
2.517461776733398438e-03
2.510786056518554688e-03
2.362012863159179688e-03
2.616643905639648438e-03
2.505064010620117188e-03
2.500057220458984375e-03
2.275705337524414062e-03
1.912593841552734375e-03
2.333164215087890625e-03
2.150058746337890625e-03
2.261161804199218750e-03
2.318143844604492188e-03
1.831293106079101562e-03
2.672672271728515625e-03
2.642393112182617188e-03
2.563953399658203125e-03
2.780675888061523438e-03
2.681255340576171875e-03
3.004550933837890625e-03
2.568960189819335938e-03
2.581119537353515625e-03
2.275228500366210938e-03
1.991510391235351562e-03
2.590179443359375000e-03
2.211332321166992188e-03
2.558946609497070312e-03
1.933813095092773438e-03
2.038240432739257812e-03
1.915216445922851562e-03
1.596212387084960938e-03
2.099990844726562500e-03
2.147674560546875000e-03
2.257347106933593750e-03
2.620220184326171875e-03
2.967357635498046875e-03
2.568721771240234375e-03
2.871751785278320312e-03
2.386569976806640625e-03
2.766370773315429688e-03
3.089904785156250000e-03
1.925706863403320312e-03
2.361536026000976562e-03
2.393484115600585938e-03
1.688003540039062500e-03
1.931428909301757812e-03
1.931905746459960938e-03
2.150058746337890625e-03
2.099275588989257812e-03
2.200841903686523438e-03
2.103805541992187500e-03
1.785278320312500000e-03
1.831769943237304688e-03
2.327442169189453125e-03
2.747297286987304688e-03
2.768516540527343750e-03
3.063440322875976562e-03
3.178834915161132812e-03
2.831697463989257812e-03
2.762556076049804688e-03
2.258777618408203125e-03
2.509117126464843750e-03
2.722024917602539062e-03
2.320766448974609375e-03
2.102613449096679688e-03
2.399444580078125000e-03
1.622676849365234375e-03
2.150058746337890625e-03
2.098321914672851562e-03
2.083778381347656250e-03
2.211332321166992188e-03
2.097845077514648438e-03
2.220869064331054688e-03
2.150535583496093750e-03
2.263307571411132812e-03
2.764940261840820312e-03
2.265691757202148438e-03
2.910614013671875000e-03
2.376556396484375000e-03
3.176689147949218750e-03
2.394676208496093750e-03
2.809047698974609375e-03
2.385377883911132812e-03
1.824140548706054688e-03
2.697467803955078125e-03
2.377986907958984375e-03
2.633333206176757812e-03
2.840280532836914062e-03
3.204822540283203125e-03
2.991437911987304688e-03
2.854347229003906250e-03
2.002000808715820312e-03
2.089977264404296875e-03
2.567052841186523438e-03
2.154588699340820312e-03
2.788782119750976562e-03
2.583026885986328125e-03
1.987934112548828125e-03
2.325773239135742188e-03
2.629280090332031250e-03
2.460241317749023438e-03
2.230167388916015625e-03
2.374172210693359375e-03
2.679586410522460938e-03
2.801656723022460938e-03
2.871274948120117188e-03
2.785682678222656250e-03
2.583026885986328125e-03
3.129482269287109375e-03
2.436876296997070312e-03
2.559900283813476562e-03
2.706289291381835938e-03
2.559423446655273438e-03
3.006458282470703125e-03
2.202987670898437500e-03
1.986503601074218750e-03
3.394365310668945312e-03
2.583503723144531250e-03
2.214908599853515625e-03
2.046823501586914062e-03
2.405643463134765625e-03
2.201318740844726562e-03
2.203702926635742188e-03
2.557754516601562500e-03
1.888036727905273438e-03
2.391338348388671875e-03
2.613782882690429688e-03
2.670526504516601562e-03
2.367734909057617188e-03
3.018856048583984375e-03
2.985239028930664062e-03
2.321958541870117188e-03
2.710342407226562500e-03
2.725362777709960938e-03
2.727270126342773438e-03
2.744197845458984375e-03
2.444744110107421875e-03
2.607345581054687500e-03
1.637697219848632812e-03
2.155780792236328125e-03
1.989126205444335938e-03
2.046585083007812500e-03
2.269268035888671875e-03
2.959966659545898438e-03
2.743721008300781250e-03
2.433776855468750000e-03
2.617597579956054688e-03
3.002405166625976562e-03
2.433538436889648438e-03
2.431392669677734375e-03
3.118276596069335938e-03
2.457857131958007812e-03
2.655982971191406250e-03
2.710580825805664062e-03
3.322124481201171875e-03
2.816915512084960938e-03
3.173112869262695312e-03
2.728462219238281250e-03
2.505302429199218750e-03
2.507686614990234375e-03
2.183914184570312500e-03
2.444744110107421875e-03
2.750396728515625000e-03
2.474308013916015625e-03
3.219604492187500000e-03
3.267288208007812500e-03
3.257274627685546875e-03
3.259897232055664062e-03
3.125429153442382812e-03
2.445936203002929688e-03
2.967119216918945312e-03
2.616405487060546875e-03
1.849174499511718750e-03
2.556324005126953125e-03
3.020048141479492188e-03
2.755165100097656250e-03
2.460718154907226562e-03
3.212451934814453125e-03
2.748727798461914062e-03
2.113580703735351562e-03
2.450704574584960938e-03
2.498865127563476562e-03
2.975225448608398438e-03
2.377986907958984375e-03
2.790212631225585938e-03
2.768039703369140625e-03
2.849578857421875000e-03
2.505064010620117188e-03
2.622365951538085938e-03
4.248380661010742188e-03
2.884864807128906250e-03
2.868175506591796875e-03
2.650260925292968750e-03
2.561330795288085938e-03
2.165794372558593750e-03
2.047300338745117188e-03
2.320766448974609375e-03
2.336740493774414062e-03
2.205610275268554688e-03
2.157688140869140625e-03
2.148866653442382812e-03
1.943111419677734375e-03
2.496480941772460938e-03
1.983165740966796875e-03
2.205848693847656250e-03
2.574682235717773438e-03
2.377033233642578125e-03
2.668142318725585938e-03
2.617835998535156250e-03
2.681255340576171875e-03
2.817869186401367188e-03
3.047704696655273438e-03
2.980232238769531250e-03
2.439975738525390625e-03
2.149820327758789062e-03
2.618789672851562500e-03
3.146886825561523438e-03
2.687454223632812500e-03
2.606868743896484375e-03
2.823352813720703125e-03
2.498865127563476562e-03
2.151250839233398438e-03
1.787185668945312500e-03
1.835584640502929688e-03
1.949310302734375000e-03
2.270936965942382812e-03
2.205848693847656250e-03
2.396821975708007812e-03
2.723693847656250000e-03
2.570390701293945312e-03
2.692937850952148438e-03
2.407550811767578125e-03
2.094984054565429688e-03
2.323627471923828125e-03
2.850770950317382812e-03
2.452135086059570312e-03
2.209424972534179688e-03
2.204656600952148438e-03
2.033710479736328125e-03
2.388477325439453125e-03
1.778602600097656250e-03
1.935720443725585938e-03
2.521038055419921875e-03
1.744747161865234375e-03
2.584457397460937500e-03
2.567052841186523438e-03
2.651929855346679688e-03
3.199815750122070312e-03
2.041101455688476562e-03
2.499818801879882812e-03
2.438306808471679688e-03
1.694202423095703125e-03
2.002239227294921875e-03
2.041816711425781250e-03
2.147436141967773438e-03
2.447843551635742188e-03
2.080440521240234375e-03
1.763582229614257812e-03
2.448797225952148438e-03
2.116680145263671875e-03
1.736879348754882812e-03
2.332925796508789062e-03
2.150058746337890625e-03
2.568721771240234375e-03
1.731395721435546875e-03
2.143383026123046875e-03
2.575397491455078125e-03
2.609252929687500000e-03
2.374172210693359375e-03
2.738237380981445312e-03
2.665519714355468750e-03
1.948356628417968750e-03
2.657651901245117188e-03
2.686262130737304688e-03
2.014636993408203125e-03
2.562284469604492188e-03
2.874612808227539062e-03
2.100229263305664062e-03
1.956701278686523438e-03
2.216100692749023438e-03
1.995325088500976562e-03
2.326965332031250000e-03
1.963138580322265625e-03
2.271413803100585938e-03
2.209186553955078125e-03
2.336978912353515625e-03
2.449989318847656250e-03
2.443075180053710938e-03
2.092599868774414062e-03
2.650260925292968750e-03
2.799034118652343750e-03
2.432346343994140625e-03
3.237724304199218750e-03
2.526521682739257812e-03
2.860307693481445312e-03
2.061367034912109375e-03
3.021478652954101562e-03
2.398490905761718750e-03
2.581834793090820312e-03
2.620458602905273438e-03
2.791881561279296875e-03
2.830028533935546875e-03
2.700805664062500000e-03
2.218246459960937500e-03
2.567768096923828125e-03
2.100706100463867188e-03
1.816749572753906250e-03
1.993417739868164062e-03
2.972602844238281250e-03
2.470016479492187500e-03
3.050088882446289062e-03
2.995014190673828125e-03
2.785205841064453125e-03
3.178119659423828125e-03
2.699613571166992188e-03
3.034353256225585938e-03
2.753257751464843750e-03
2.845764160156250000e-03
2.890825271606445312e-03
3.189802169799804688e-03
3.234624862670898438e-03
3.170251846313476562e-03
3.121852874755859375e-03
2.319335937500000000e-03
1.991987228393554688e-03
2.656221389770507812e-03
1.905202865600585938e-03
2.268075942993164062e-03
2.381801605224609375e-03
3.107070922851562500e-03
3.103971481323242188e-03
2.735853195190429688e-03
2.768278121948242188e-03
3.262281417846679688e-03
2.795696258544921875e-03
2.831697463989257812e-03
2.815008163452148438e-03
2.722501754760742188e-03
3.126144409179687500e-03
3.139019012451171875e-03
2.379417419433593750e-03
2.099037170410156250e-03
3.063201904296875000e-03
2.583980560302734375e-03
2.969026565551757812e-03
2.315044403076171875e-03
2.331972122192382812e-03
2.761602401733398438e-03
3.154754638671875000e-03
3.283739089965820312e-03
2.886295318603515625e-03
3.234863281250000000e-03
2.733945846557617188e-03
2.990722656250000000e-03
2.728939056396484375e-03
2.789974212646484375e-03
2.047538757324218750e-03
2.579689025878906250e-03
2.279281616210937500e-03
2.285718917846679688e-03
2.104043960571289062e-03
2.380847930908203125e-03
2.654790878295898438e-03
2.045154571533203125e-03
2.108335494995117188e-03
3.097772598266601562e-03
2.774238586425781250e-03
3.202915191650390625e-03
2.748727798461914062e-03
3.150463104248046875e-03
3.234863281250000000e-03
2.896070480346679688e-03
2.894401550292968750e-03
2.058982849121093750e-03
2.503633499145507812e-03
2.151966094970703125e-03
2.056360244750976562e-03
1.883745193481445312e-03
2.640008926391601562e-03
1.794099807739257812e-03
2.210378646850585938e-03
2.149820327758789062e-03
2.150535583496093750e-03
2.648115158081054688e-03
2.728223800659179688e-03
2.701282501220703125e-03
2.702713012695312500e-03
2.727985382080078125e-03
2.772092819213867188e-03
