2.483189821243286133e+00
8.946418762207031250e-03
8.309364318847656250e-03
7.778406143188476562e-03
7.621049880981445312e-03
7.575273513793945312e-03
7.504463195800781250e-03
7.537126541137695312e-03
7.488727569580078125e-03
7.453441619873046875e-03
7.469654083251953125e-03
7.454395294189453125e-03
7.533073425292968750e-03
7.474184036254882812e-03
7.525444030761718750e-03
7.436752319335937500e-03
7.473707199096679688e-03
7.484912872314453125e-03
7.478475570678710938e-03
7.453203201293945312e-03
7.439851760864257812e-03
7.485151290893554688e-03
7.459163665771484375e-03
7.458448410034179688e-03
7.442474365234375000e-03
7.446050643920898438e-03
7.540702819824218750e-03
7.467508316040039062e-03
7.454156875610351562e-03
7.433176040649414062e-03
7.488965988159179688e-03
7.481336593627929688e-03
7.555007934570312500e-03
7.417201995849609375e-03
7.440090179443359375e-03
7.440328598022460938e-03
7.450580596923828125e-03
7.410764694213867188e-03
7.452964782714843750e-03
7.422924041748046875e-03
7.450342178344726562e-03
7.460594177246093750e-03
7.473945617675781250e-03
7.457494735717773438e-03
7.470607757568359375e-03
7.434844970703125000e-03
7.489442825317382812e-03
7.419586181640625000e-03
7.498264312744140625e-03
7.446050643920898438e-03
7.518768310546875000e-03
7.483720779418945312e-03
7.460117340087890625e-03
7.457971572875976562e-03
7.459402084350585938e-03
7.441520690917968750e-03
7.426977157592773438e-03
7.544040679931640625e-03
7.459163665771484375e-03
7.467985153198242188e-03
7.475376129150390625e-03
7.464647293090820312e-03
7.428884506225585938e-03
7.498502731323242188e-03
7.500171661376953125e-03
7.423639297485351562e-03
7.431268692016601562e-03
7.445573806762695312e-03
7.472515106201171875e-03
7.433652877807617188e-03
7.406234741210937500e-03
7.445335388183593750e-03
7.569789886474609375e-03
7.410526275634765625e-03
7.428407669067382812e-03
7.509469985961914062e-03
7.476568222045898438e-03
7.442951202392578125e-03
7.471084594726562500e-03
7.446527481079101562e-03
7.471799850463867188e-03
7.483482360839843750e-03
7.457494735717773438e-03
7.449150085449218750e-03
7.513999938964843750e-03
7.482290267944335938e-03
7.469177246093750000e-03
7.446527481079101562e-03
7.459640502929687500e-03
7.467269897460937500e-03
7.451057434082031250e-03
7.423162460327148438e-03
7.464408874511718750e-03
7.446765899658203125e-03
7.471323013305664062e-03
7.426738739013671875e-03
7.450342178344726562e-03
7.482290267944335938e-03
7.458209991455078125e-03
7.490634918212890625e-03
7.524013519287109375e-03
7.465839385986328125e-03
7.483005523681640625e-03
7.399559020996093750e-03
7.465839385986328125e-03
7.463216781616210938e-03
7.453918457031250000e-03
7.433414459228515625e-03
7.436037063598632812e-03
7.432699203491210938e-03
7.438898086547851562e-03
7.449388504028320312e-03
7.461309432983398438e-03
7.415533065795898438e-03
7.430315017700195312e-03
7.453918457031250000e-03
7.455348968505859375e-03
7.438182830810546875e-03
7.438898086547851562e-03
7.436752319335937500e-03
7.490634918212890625e-03
7.470846176147460938e-03
7.470369338989257812e-03
7.443428039550781250e-03
7.431030273437500000e-03
7.480621337890625000e-03
7.546424865722656250e-03
7.447957992553710938e-03
7.425785064697265625e-03
7.448196411132812500e-03
7.450819015502929688e-03
7.444143295288085938e-03
7.430553436279296875e-03
7.453680038452148438e-03
7.473945617675781250e-03
7.440090179443359375e-03
7.443189620971679688e-03
7.458209991455078125e-03
7.450580596923828125e-03
7.477760314941406250e-03
7.479667663574218750e-03
7.493972778320312500e-03
7.509231567382812500e-03
7.485151290893554688e-03
7.471561431884765625e-03
7.506608963012695312e-03
7.424116134643554688e-03
7.457971572875976562e-03
7.460117340087890625e-03
7.430076599121093750e-03
7.412672042846679688e-03
7.429599761962890625e-03
7.427215576171875000e-03
7.427930831909179688e-03
7.466077804565429688e-03
7.418632507324218750e-03
7.432222366333007812e-03
7.439851760864257812e-03
7.441759109497070312e-03
7.420778274536132812e-03
7.436513900756835938e-03
7.459163665771484375e-03
7.478237152099609375e-03
7.433652877807617188e-03
7.465600967407226562e-03
7.452249526977539062e-03
7.449150085449218750e-03
7.416963577270507812e-03
7.458686828613281250e-03
7.407665252685546875e-03
7.515430450439453125e-03
7.431507110595703125e-03
7.411718368530273438e-03
7.413625717163085938e-03
7.444858551025390625e-03
7.440567016601562500e-03
7.452487945556640625e-03
7.448434829711914062e-03
7.444858551025390625e-03
7.462978363037109375e-03
7.434129714965820312e-03
7.542848587036132812e-03
7.450580596923828125e-03
7.475376129150390625e-03
7.482528686523437500e-03
7.472515106201171875e-03
7.539749145507812500e-03
7.419109344482421875e-03
7.451534271240234375e-03
7.490634918212890625e-03
7.458448410034179688e-03
7.447719573974609375e-03
7.447481155395507812e-03
7.436275482177734375e-03
7.450342178344726562e-03
7.437705993652343750e-03
7.443666458129882812e-03
7.432460784912109375e-03
7.440328598022460938e-03
7.454395294189453125e-03
1.497745513916015625e-02
1.345849037170410156e-02
1.146769523620605469e-02
1.326203346252441406e-02
1.233124732971191406e-02
1.089715957641601562e-02
1.269865036010742188e-02
1.118564605712890625e-02
1.109552383422851562e-02
1.220583915710449219e-02
1.256418228149414062e-02
1.123118400573730469e-02
1.177191734313964844e-02
1.263761520385742188e-02
1.257395744323730469e-02
1.398634910583496094e-02
1.147937774658203125e-02
1.310825347900390625e-02
1.080346107482910156e-02
1.192283630371093750e-02
1.086306571960449219e-02
1.046323776245117188e-02
1.116061210632324219e-02
1.142501831054687500e-02
1.051163673400878906e-02
1.160573959350585938e-02
1.084613800048828125e-02
1.036977767944335938e-02
1.095628738403320312e-02
1.111769676208496094e-02
1.116204261779785156e-02
1.078271865844726562e-02
1.173901557922363281e-02
1.207733154296875000e-02
1.137828826904296875e-02
1.166176795959472656e-02
1.178002357482910156e-02
1.189613342285156250e-02
1.231575012207031250e-02
1.146817207336425781e-02
9.888172149658203125e-03
1.124477386474609375e-02
1.199054718017578125e-02
1.115584373474121094e-02
1.070594787597656250e-02
1.135396957397460938e-02
1.116538047790527344e-02
1.055955886840820312e-02
1.090121269226074219e-02
1.087760925292968750e-02
1.094937324523925781e-02
1.077604293823242188e-02
1.150131225585937500e-02
1.133751869201660156e-02
1.221752166748046875e-02
1.260852813720703125e-02
1.134848594665527344e-02
1.183533668518066406e-02
1.057529449462890625e-02
1.231002807617187500e-02
1.212573051452636719e-02
1.154255867004394531e-02
1.188564300537109375e-02
1.161813735961914062e-02
1.218748092651367188e-02
1.157641410827636719e-02
1.040720939636230469e-02
1.085591316223144531e-02
1.042079925537109375e-02
1.085972785949707031e-02
1.142454147338867188e-02
1.303696632385253906e-02
1.115870475769042969e-02
1.075553894042968750e-02
1.104116439819335938e-02
1.144671440124511719e-02
1.195526123046875000e-02
1.108741760253906250e-02
1.170253753662109375e-02
1.047110557556152344e-02
1.212859153747558594e-02
1.230788230895996094e-02
1.123833656311035156e-02
1.199793815612792969e-02
1.180386543273925781e-02
1.146793365478515625e-02
1.102733612060546875e-02
1.126623153686523438e-02
1.041913032531738281e-02
1.135182380676269531e-02
1.174068450927734375e-02
1.038289070129394531e-02
1.022148132324218750e-02
1.060295104980468750e-02
1.083803176879882812e-02
1.006579399108886719e-02
1.045346260070800781e-02
1.139688491821289062e-02
1.084733009338378906e-02
1.025605201721191406e-02
1.066422462463378906e-02
1.107001304626464844e-02
1.043987274169921875e-02
1.135873794555664062e-02
1.111507415771484375e-02
1.147007942199707031e-02
1.163816452026367188e-02
1.081895828247070312e-02
1.119971275329589844e-02
1.030945777893066406e-02
1.001548767089843750e-02
9.928464889526367188e-03
1.000547409057617188e-02
1.057744026184082031e-02
1.024770736694335938e-02
8.909940719604492188e-03
1.183390617370605469e-02
1.120591163635253906e-02
1.059532165527343750e-02
1.046204566955566406e-02
9.715557098388671875e-03
1.066541671752929688e-02
1.111674308776855469e-02
1.136374473571777344e-02
1.418876647949218750e-02
1.205682754516601562e-02
1.255655288696289062e-02
1.226305961608886719e-02
1.147127151489257812e-02
1.114439964294433594e-02
1.145553588867187500e-02
1.092219352722167969e-02
1.057600975036621094e-02
1.081681251525878906e-02
1.237535476684570312e-02
1.063418388366699219e-02
1.091289520263671875e-02
1.169705390930175781e-02
9.211540222167968750e-03
1.126527786254882812e-02
1.172614097595214844e-02
1.007413864135742188e-02
1.191973686218261719e-02
1.155304908752441406e-02
1.267027854919433594e-02
1.275396347045898438e-02
1.269268989562988281e-02
1.227188110351562500e-02
1.177597045898437500e-02
1.077675819396972656e-02
1.181292533874511719e-02
1.237797737121582031e-02
1.154804229736328125e-02
1.066637039184570312e-02
1.134252548217773438e-02
1.158547401428222656e-02
1.135993003845214844e-02
1.124119758605957031e-02
1.083350181579589844e-02
1.019096374511718750e-02
1.074910163879394531e-02
1.094436645507812500e-02
1.175689697265625000e-02
1.183295249938964844e-02
1.181077957153320312e-02
1.159834861755371094e-02
1.103067398071289062e-02
1.045846939086914062e-02
1.075315475463867188e-02
1.149344444274902344e-02
1.169157028198242188e-02
1.183295249938964844e-02
1.194310188293457031e-02
1.138663291931152344e-02
1.148271560668945312e-02
1.168632507324218750e-02
1.074290275573730469e-02
1.161932945251464844e-02
1.157116889953613281e-02
1.189637184143066406e-02
1.175260543823242188e-02
1.103186607360839844e-02
1.133561134338378906e-02
1.096773147583007812e-02
1.093101501464843750e-02
1.171469688415527344e-02
1.173925399780273438e-02
1.024556159973144531e-02
1.161956787109375000e-02
1.118397712707519531e-02
1.084518432617187500e-02
1.219415664672851562e-02
1.211547851562500000e-02
1.152324676513671875e-02
1.150560379028320312e-02
1.132249832153320312e-02
1.215600967407226562e-02
1.119041442871093750e-02
1.011586189270019531e-02
1.184844970703125000e-02
1.194262504577636719e-02
1.179242134094238281e-02
1.150465011596679688e-02
1.128458976745605469e-02
1.051330566406250000e-02
1.190423965454101562e-02
1.091623306274414062e-02
1.024699211120605469e-02
9.641885757446289062e-03
1.054000854492187500e-02
9.373903274536132812e-03
1.031136512756347656e-02
1.136517524719238281e-02
1.006746292114257812e-02
1.085519790649414062e-02
1.116013526916503906e-02
1.147270202636718750e-02
1.131033897399902344e-02
1.000428199768066406e-02
1.110029220581054688e-02
1.195430755615234375e-02
1.166081428527832031e-02
1.274824142456054688e-02
1.088333129882812500e-02
1.178193092346191406e-02
1.019048690795898438e-02
9.623289108276367188e-03
1.051950454711914062e-02
1.087474822998046875e-02
1.139092445373535156e-02
9.876012802124023438e-03
1.105570793151855469e-02
1.139330863952636719e-02
1.062750816345214844e-02
1.073575019836425781e-02
1.109957695007324219e-02
1.118659973144531250e-02
1.178550720214843750e-02
1.096272468566894531e-02
1.172614097595214844e-02
1.135683059692382812e-02
1.106214523315429688e-02
1.096272468566894531e-02
1.054501533508300781e-02
9.557962417602539062e-03
1.026010513305664062e-02
1.129436492919921875e-02
1.187968254089355469e-02
1.114678382873535156e-02
1.082086563110351562e-02
1.166462898254394531e-02
1.132225990295410156e-02
1.121115684509277344e-02
1.185607910156250000e-02
1.140832901000976562e-02
1.140069961547851562e-02
1.176142692565917969e-02
1.179718971252441406e-02
1.221179962158203125e-02
1.073145866394042969e-02
1.097965240478515625e-02
1.090312004089355469e-02
1.015853881835937500e-02
1.009058952331542969e-02
9.415864944458007812e-03
1.004004478454589844e-02
9.642362594604492188e-03
9.692668914794921875e-03
1.029372215270996094e-02
1.088666915893554688e-02
1.116347312927246094e-02
1.108860969543457031e-02
1.006126403808593750e-02
1.118755340576171875e-02
1.091098785400390625e-02
1.165628433227539062e-02
1.132583618164062500e-02
1.114821434020996094e-02
1.125931739807128906e-02
1.156210899353027344e-02
1.139259338378906250e-02
1.066827774047851562e-02
1.160979270935058594e-02
1.053786277770996094e-02
1.021718978881835938e-02
1.056051254272460938e-02
1.055288314819335938e-02
1.065516471862792969e-02
1.009464263916015625e-02
1.066017150878906250e-02
1.122450828552246094e-02
1.057338714599609375e-02
1.180934906005859375e-02
1.134681701660156250e-02
1.032233238220214844e-02
1.089739799499511719e-02
1.139688491821289062e-02
1.171374320983886719e-02
1.194548606872558594e-02
1.145744323730468750e-02
1.127672195434570312e-02
1.013779640197753906e-02
1.128220558166503906e-02
1.068735122680664062e-02
1.105976104736328125e-02
1.129651069641113281e-02
1.082324981689453125e-02
1.140499114990234375e-02
1.119589805603027344e-02
1.083683967590332031e-02
1.174259185791015625e-02
1.187777519226074219e-02
1.243638992309570312e-02
1.163673400878906250e-02
1.187896728515625000e-02
1.113009452819824219e-02
1.261806488037109375e-02
1.136803627014160156e-02
1.055669784545898438e-02
1.231193542480468750e-02
1.091504096984863281e-02
9.816408157348632812e-03
9.735822677612304688e-03
1.084589958190917969e-02
1.057052612304687500e-02
1.074767112731933594e-02
1.064205169677734375e-02
1.170802116394042969e-02
1.131081581115722656e-02
1.115179061889648438e-02
1.207304000854492188e-02
1.176118850708007812e-02
1.097369194030761719e-02
1.261210441589355469e-02
1.233673095703125000e-02
1.248168945312500000e-02
1.250243186950683594e-02
1.220941543579101562e-02
1.073741912841796875e-02
1.130366325378417969e-02
1.114153861999511719e-02
1.051044464111328125e-02
1.036405563354492188e-02
1.008200645446777344e-02
1.128411293029785156e-02
1.008677482604980469e-02
1.139211654663085938e-02
1.122546195983886719e-02
1.070427894592285156e-02
1.135516166687011719e-02
1.143312454223632812e-02
1.106071472167968750e-02
1.138496398925781250e-02
1.079916954040527344e-02
1.107025146484375000e-02
1.116728782653808594e-02
1.163673400878906250e-02
1.206493377685546875e-02
1.240253448486328125e-02
1.218056678771972656e-02
1.103401184082031250e-02
1.149201393127441406e-02
1.136183738708496094e-02
1.117014884948730469e-02
1.148343086242675781e-02
1.184153556823730469e-02
1.149797439575195312e-02
1.123046875000000000e-02
1.184654235839843750e-02
1.218605041503906250e-02
1.106238365173339844e-02
1.050662994384765625e-02
1.029181480407714844e-02
1.092505455017089844e-02
1.156687736511230469e-02
1.150941848754882812e-02
1.148843765258789062e-02
1.074600219726562500e-02
1.082062721252441406e-02
1.112532615661621094e-02
1.104068756103515625e-02
1.054835319519042969e-02
1.061177253723144531e-02
1.166439056396484375e-02
1.147603988647460938e-02
1.106452941894531250e-02
1.210713386535644531e-02
1.150703430175781250e-02
1.143145561218261719e-02
1.132392883300781250e-02
1.053261756896972656e-02
1.004385948181152344e-02
1.022505760192871094e-02
1.169204711914062500e-02
1.146268844604492188e-02
1.143240928649902344e-02
1.199722290039062500e-02
1.117324829101562500e-02
1.026415824890136719e-02
9.732007980346679688e-03
1.131510734558105469e-02
1.073503494262695312e-02
1.193642616271972656e-02
1.039886474609375000e-02
1.228904724121093750e-02
1.117706298828125000e-02
1.181364059448242188e-02
1.041293144226074219e-02
1.164340972900390625e-02
1.124334335327148438e-02
1.083636283874511719e-02
1.225185394287109375e-02
1.070404052734375000e-02
1.055550575256347656e-02
1.091003417968750000e-02
1.018333435058593750e-02
1.130080223083496094e-02
1.158308982849121094e-02
1.137900352478027344e-02
1.154327392578125000e-02
1.260566711425781250e-02
1.186299324035644531e-02
1.191496849060058594e-02
1.243519783020019531e-02
1.228737831115722656e-02
1.135969161987304688e-02
1.268053054809570312e-02
1.253151893615722656e-02
1.124477386474609375e-02
1.248431205749511719e-02
1.255273818969726562e-02
1.284694671630859375e-02
1.192641258239746094e-02
1.172661781311035156e-02
1.154661178588867188e-02
1.212716102600097656e-02
1.150059700012207031e-02
1.103043556213378906e-02
1.155734062194824219e-02
1.098680496215820312e-02
1.131534576416015625e-02
1.193952560424804688e-02
1.174783706665039062e-02
1.140308380126953125e-02
1.234674453735351562e-02
1.247692108154296875e-02
1.176261901855468750e-02
1.247096061706542969e-02
1.272439956665039062e-02
1.108145713806152344e-02
1.351261138916015625e-02
1.227974891662597656e-02
1.203322410583496094e-02
1.104211807250976562e-02
1.154351234436035156e-02
1.221323013305664062e-02
1.149177551269531250e-02
1.140999794006347656e-02
1.161885261535644531e-02
1.223182678222656250e-02
1.133036613464355469e-02
1.217818260192871094e-02
1.181602478027343750e-02
1.127672195434570312e-02
1.286578178405761719e-02
1.201939582824707031e-02
1.232361793518066406e-02
1.309490203857421875e-02
1.262784004211425781e-02
1.076245307922363281e-02
1.160645484924316406e-02
1.300454139709472656e-02
1.274180412292480469e-02
1.239824295043945312e-02
1.260519027709960938e-02
1.319575309753417969e-02
1.225042343139648438e-02
1.168632507324218750e-02
1.219725608825683594e-02
1.246881484985351562e-02
1.165914535522460938e-02
1.280379295349121094e-02
1.198625564575195312e-02
1.278233528137207031e-02
1.193332672119140625e-02
1.181387901306152344e-02
1.147460937500000000e-02
1.220321655273437500e-02
1.201176643371582031e-02
1.305937767028808594e-02
1.331591606140136719e-02
1.257348060607910156e-02
1.201128959655761719e-02
1.121425628662109375e-02
1.232743263244628906e-02
1.190042495727539062e-02
1.227784156799316406e-02
1.161575317382812500e-02
1.243424415588378906e-02
1.253652572631835938e-02
1.160216331481933594e-02
1.359772682189941406e-02
1.234078407287597656e-02
1.236319541931152344e-02
1.176476478576660156e-02
1.162266731262207031e-02
1.121973991394042969e-02
1.220345497131347656e-02
1.219964027404785156e-02
1.209115982055664062e-02
1.107358932495117188e-02
1.206421852111816406e-02
1.027393341064453125e-02
1.194667816162109375e-02
1.183223724365234375e-02
1.135039329528808594e-02
1.263523101806640625e-02
1.114320755004882812e-02
1.230049133300781250e-02
1.123523712158203125e-02
1.179981231689453125e-02
1.237535476684570312e-02
1.219010353088378906e-02
1.217699050903320312e-02
1.275825500488281250e-02
1.281929016113281250e-02
1.226949691772460938e-02
1.151990890502929688e-02
1.318573951721191406e-02
1.136445999145507812e-02
1.268553733825683594e-02
1.285147666931152344e-02
1.281952857971191406e-02
1.154375076293945312e-02
1.191282272338867188e-02
1.257371902465820312e-02
1.193261146545410156e-02
1.173472404479980469e-02
1.298022270202636719e-02
1.196551322937011719e-02
1.128792762756347656e-02
1.116275787353515625e-02
1.180577278137207031e-02
1.199078559875488281e-02
9.912252426147460938e-03
1.286125183105468750e-02
1.321148872375488281e-02
1.307153701782226562e-02
1.284503936767578125e-02
1.300668716430664062e-02
1.235222816467285156e-02
1.346039772033691406e-02
1.279616355895996094e-02
1.234340667724609375e-02
1.312279701232910156e-02
1.245737075805664062e-02
1.285552978515625000e-02
1.241278648376464844e-02
1.187109947204589844e-02
1.239514350891113281e-02
1.257729530334472656e-02
1.098370552062988281e-02
1.088547706604003906e-02
1.217842102050781250e-02
1.259708404541015625e-02
1.274657249450683594e-02
1.285123825073242188e-02
1.241159439086914062e-02
1.252150535583496094e-02
1.281452178955078125e-02
1.296520233154296875e-02
1.205873489379882812e-02
1.267600059509277344e-02
1.252293586730957031e-02
1.312303543090820312e-02
1.235008239746093750e-02
1.282453536987304688e-02
1.341271400451660156e-02
1.287031173706054688e-02
1.107192039489746094e-02
1.214885711669921875e-02
1.210474967956542969e-02
1.118397712707519531e-02
1.083111763000488281e-02
1.219606399536132812e-02
1.210927963256835938e-02
1.116847991943359375e-02
1.279711723327636719e-02
1.207780838012695312e-02
1.207780838012695312e-02
1.218700408935546875e-02
1.210808753967285156e-02
1.228094100952148438e-02
1.222920417785644531e-02
1.190423965454101562e-02
1.236200332641601562e-02
1.224088668823242188e-02
1.294136047363281250e-02
1.298475265502929688e-02
1.259636878967285156e-02
1.200914382934570312e-02
1.295304298400878906e-02
1.048564910888671875e-02
1.259732246398925781e-02
1.154756546020507812e-02
1.049351692199707031e-02
1.137924194335937500e-02
1.173949241638183594e-02
1.142024993896484375e-02
1.143550872802734375e-02
1.241564750671386719e-02
1.297235488891601562e-02
1.184415817260742188e-02
1.230502128601074219e-02
1.271438598632812500e-02
1.254081726074218750e-02
1.279258728027343750e-02
1.324295997619628906e-02
1.295304298400878906e-02
1.277446746826171875e-02
1.196527481079101562e-02
1.185774803161621094e-02
1.101231575012207031e-02
1.175522804260253906e-02
1.164484024047851562e-02
1.038718223571777344e-02
1.104426383972167969e-02
9.848356246948242188e-03
1.049661636352539062e-02
1.108932495117187500e-02
1.167726516723632812e-02
1.135969161987304688e-02
1.192045211791992188e-02
1.223301887512207031e-02
1.266551017761230469e-02
1.267457008361816406e-02
1.295065879821777344e-02
1.284861564636230469e-02
1.171946525573730469e-02
1.141238212585449219e-02
1.106858253479003906e-02
1.152133941650390625e-02
1.091670989990234375e-02
1.252484321594238281e-02
1.221609115600585938e-02
9.185791015625000000e-03
1.047158241271972656e-02
1.075363159179687500e-02
1.018738746643066406e-02
1.062035560607910156e-02
1.234245300292968750e-02
1.146388053894042969e-02
1.201438903808593750e-02
1.272058486938476562e-02
1.190876960754394531e-02
1.243686676025390625e-02
1.301622390747070312e-02
1.157140731811523438e-02
1.254773139953613281e-02
1.152276992797851562e-02
1.227545738220214844e-02
1.093983650207519531e-02
1.218366622924804688e-02
1.186442375183105469e-02
1.109313964843750000e-02
1.147937774658203125e-02
1.156520843505859375e-02
1.153349876403808594e-02
1.061201095581054688e-02
1.159429550170898438e-02
1.085114479064941406e-02
1.075649261474609375e-02
1.129126548767089844e-02
1.218748092651367188e-02
1.185107231140136719e-02
1.102685928344726562e-02
1.311779022216796875e-02
1.284456253051757812e-02
1.221466064453125000e-02
1.253819465637207031e-02
1.171278953552246094e-02
1.158595085144042969e-02
1.059842109680175781e-02
1.195740699768066406e-02
1.068997383117675781e-02
1.162075996398925781e-02
1.233053207397460938e-02
1.119184494018554688e-02
1.183843612670898438e-02
1.237940788269042969e-02
1.157832145690917969e-02
1.161241531372070312e-02
1.155424118041992188e-02
1.158165931701660156e-02
1.106286048889160156e-02
1.079154014587402344e-02
1.086020469665527344e-02
1.203632354736328125e-02
1.060175895690917969e-02
1.264572143554687500e-02
1.192593574523925781e-02
1.038599014282226562e-02
1.116371154785156250e-02
1.201772689819335938e-02
1.064562797546386719e-02
1.155090332031250000e-02
1.182842254638671875e-02
1.164746284484863281e-02
1.136922836303710938e-02
1.115536689758300781e-02
1.129722595214843750e-02
1.206302642822265625e-02
9.757518768310546875e-03
1.190137863159179688e-02
1.010084152221679688e-02
1.115584373474121094e-02
1.178455352783203125e-02
1.191020011901855469e-02
1.236701011657714844e-02
1.165175437927246094e-02
1.260900497436523438e-02
1.183962821960449219e-02
1.156949996948242188e-02
1.205873489379882812e-02
1.214170455932617188e-02
1.183080673217773438e-02
1.137065887451171875e-02
1.075601577758789062e-02
1.146245002746582031e-02
1.083803176879882812e-02
1.121354103088378906e-02
1.029491424560546875e-02
1.186990737915039062e-02
1.137542724609375000e-02
1.118993759155273438e-02
1.184034347534179688e-02
1.211500167846679688e-02
1.221132278442382812e-02
1.099562644958496094e-02
1.234507560729980469e-02
1.166296005249023438e-02
1.147699356079101562e-02
1.221489906311035156e-02
1.183128356933593750e-02
1.159214973449707031e-02
1.148509979248046875e-02
1.142573356628417969e-02
1.151323318481445312e-02
1.220703125000000000e-02
1.181101799011230469e-02
1.097011566162109375e-02
1.179075241088867188e-02
1.142978668212890625e-02
1.124072074890136719e-02
9.420394897460937500e-03
1.160573959350585938e-02
1.232457160949707031e-02
1.238870620727539062e-02
1.269698143005371094e-02
1.195096969604492188e-02
1.164364814758300781e-02
1.192617416381835938e-02
1.139593124389648438e-02
1.147794723510742188e-02
1.076340675354003906e-02
1.115942001342773438e-02
1.139855384826660156e-02
1.121950149536132812e-02
1.150822639465332031e-02
1.028108596801757812e-02
1.096606254577636719e-02
1.096010208129882812e-02
1.022434234619140625e-02
1.136326789855957031e-02
1.208233833312988281e-02
1.080489158630371094e-02
1.187205314636230469e-02
9.985208511352539062e-03
1.131129264831542969e-02
1.263117790222167969e-02
1.182270050048828125e-02
1.038861274719238281e-02
1.186418533325195312e-02
1.076126098632812500e-02
1.156139373779296875e-02
1.167058944702148438e-02
1.111650466918945312e-02
1.227831840515136719e-02
1.115393638610839844e-02
1.003956794738769531e-02
1.105928421020507812e-02
1.093482971191406250e-02
1.073789596557617188e-02
1.095914840698242188e-02
1.198911666870117188e-02
1.059269905090332031e-02
1.191282272338867188e-02
1.160311698913574219e-02
1.167750358581542969e-02
1.104927062988281250e-02
1.138019561767578125e-02
1.092529296875000000e-02
1.051926612854003906e-02
1.148295402526855469e-02
1.148080825805664062e-02
1.161813735961914062e-02
1.130008697509765625e-02
1.180481910705566406e-02
1.160621643066406250e-02
1.114034652709960938e-02
1.190114021301269531e-02
1.191449165344238281e-02
1.279020309448242188e-02
1.068091392517089844e-02
1.224946975708007812e-02
1.130032539367675781e-02
1.155328750610351562e-02
1.220846176147460938e-02
1.206541061401367188e-02
1.097416877746582031e-02
1.298189163208007812e-02
1.108121871948242188e-02
1.377296447753906250e-02
1.254081726074218750e-02
1.182079315185546875e-02
1.122236251831054688e-02
1.181745529174804688e-02
1.170563697814941406e-02
1.222634315490722656e-02
1.247215270996093750e-02
1.228475570678710938e-02
1.269817352294921875e-02
1.121664047241210938e-02
1.099658012390136719e-02
1.204252243041992188e-02
1.106691360473632812e-02
1.067709922790527344e-02
1.062154769897460938e-02
1.267719268798828125e-02
1.146364212036132812e-02
1.288270950317382812e-02
1.162457466125488281e-02
1.229476928710937500e-02
1.163721084594726562e-02
1.133441925048828125e-02
1.088118553161621094e-02
1.183247566223144531e-02
1.144504547119140625e-02
1.265144348144531250e-02
1.197218894958496094e-02
1.179432868957519531e-02
1.168012619018554688e-02
1.100683212280273438e-02
1.107168197631835938e-02
1.131486892700195312e-02
1.087951660156250000e-02
1.120567321777343750e-02
1.227974891662597656e-02
1.202845573425292969e-02
1.131176948547363281e-02
1.174116134643554688e-02
1.244878768920898438e-02
1.155686378479003906e-02
1.029706001281738281e-02
1.116061210632324219e-02
1.200103759765625000e-02
1.079106330871582031e-02
1.085662841796875000e-02
1.187300682067871094e-02
1.089310646057128906e-02
1.115345954895019531e-02
1.146340370178222656e-02
1.110887527465820312e-02
1.105117797851562500e-02
1.210832595825195312e-02
1.276183128356933594e-02
1.267671585083007812e-02
1.192712783813476562e-02
1.139640808105468750e-02
1.134610176086425781e-02
1.164937019348144531e-02
1.102876663208007812e-02
1.135706901550292969e-02
1.103115081787109375e-02
1.152300834655761719e-02
1.115202903747558594e-02
1.166224479675292969e-02
1.177692413330078125e-02
1.154613494873046875e-02
1.146292686462402344e-02
1.137304306030273438e-02
1.117825508117675781e-02
1.172518730163574219e-02
1.110911369323730469e-02
1.102828979492187500e-02
1.279711723327636719e-02
1.282882690429687500e-02
1.266765594482421875e-02
1.206135749816894531e-02
1.178407669067382812e-02
1.110148429870605469e-02
1.246500015258789062e-02
1.089620590209960938e-02
1.127958297729492188e-02
1.203441619873046875e-02
1.087188720703125000e-02
1.037001609802246094e-02
1.117300987243652344e-02
1.029086112976074219e-02
1.240348815917968750e-02
1.195454597473144531e-02
1.294493675231933594e-02
1.247215270996093750e-02
1.248645782470703125e-02
1.283740997314453125e-02
1.271414756774902344e-02
1.216745376586914062e-02
1.288700103759765625e-02
1.084971427917480469e-02
1.153278350830078125e-02
1.171278953552246094e-02
1.170992851257324219e-02
1.176762580871582031e-02
1.106357574462890625e-02
1.110243797302246094e-02
1.100826263427734375e-02
1.000642776489257812e-02
1.073837280273437500e-02
9.878396987915039062e-03
1.060605049133300781e-02
1.212501525878906250e-02
1.104235649108886719e-02
1.265048980712890625e-02
1.191258430480957031e-02
1.276397705078125000e-02
1.263594627380371094e-02
1.158499717712402344e-02
1.275157928466796875e-02
1.219630241394042969e-02
1.136183738708496094e-02
1.209139823913574219e-02
1.152324676513671875e-02
1.222443580627441406e-02
1.171159744262695312e-02
1.053190231323242188e-02
1.175141334533691406e-02
1.043605804443359375e-02
1.046299934387207031e-02
1.027274131774902344e-02
1.023793220520019531e-02
1.159286499023437500e-02
1.124668121337890625e-02
1.036643981933593750e-02
1.187300682067871094e-02
1.119852066040039062e-02
1.159429550170898438e-02
1.200652122497558594e-02
1.245546340942382812e-02
1.231622695922851562e-02
1.202821731567382812e-02
1.190161705017089844e-02
1.191401481628417969e-02
1.182603836059570312e-02
1.139688491821289062e-02
1.159548759460449219e-02
1.044464111328125000e-02
1.112914085388183594e-02
1.227998733520507812e-02
1.145100593566894531e-02
1.108622550964355469e-02
1.132678985595703125e-02
1.184058189392089844e-02
1.152825355529785156e-02
1.092314720153808594e-02
1.143336296081542969e-02
1.232862472534179688e-02
1.171660423278808594e-02
1.109528541564941406e-02
1.298522949218750000e-02
1.151466369628906250e-02
1.090049743652343750e-02
1.090574264526367188e-02
1.083564758300781250e-02
1.049709320068359375e-02
1.172256469726562500e-02
1.103281974792480469e-02
1.161909103393554688e-02
1.152062416076660156e-02
1.156568527221679688e-02
1.146078109741210938e-02
1.156497001647949219e-02
1.240372657775878906e-02
1.076936721801757812e-02
1.062989234924316406e-02
1.178407669067382812e-02
1.252865791320800781e-02
1.042389869689941406e-02
1.253890991210937500e-02
1.166319847106933594e-02
1.170682907104492188e-02
1.219749450683593750e-02
1.186752319335937500e-02
1.179051399230957031e-02
1.165676116943359375e-02
1.204872131347656250e-02
1.166987419128417969e-02
1.097559928894042969e-02
1.201486587524414062e-02
1.131463050842285156e-02
1.183342933654785156e-02
1.154136657714843750e-02
1.113653182983398438e-02
1.108503341674804688e-02
1.135039329528808594e-02
1.118421554565429688e-02
1.065516471862792969e-02
1.157879829406738281e-02
1.054883003234863281e-02
1.028108596801757812e-02
1.144242286682128906e-02
1.196455955505371094e-02
1.133275032043457031e-02
1.185202598571777344e-02
1.185703277587890625e-02
1.190757751464843750e-02
1.193070411682128906e-02
1.094150543212890625e-02
1.107025146484375000e-02
1.043343544006347656e-02
1.092052459716796875e-02
1.071643829345703125e-02
1.135396957397460938e-02
1.126933097839355469e-02
1.161384582519531250e-02
1.127505302429199219e-02
1.191449165344238281e-02
1.135134696960449219e-02
1.115274429321289062e-02
1.211309432983398438e-02
1.023697853088378906e-02
1.204681396484375000e-02
1.157307624816894531e-02
1.021027565002441406e-02
1.148414611816406250e-02
1.062726974487304688e-02
1.080894470214843750e-02
1.055717468261718750e-02
1.100659370422363281e-02
1.163792610168457031e-02
1.078200340270996094e-02
1.127386093139648438e-02
1.148414611816406250e-02
1.171112060546875000e-02
1.185631752014160156e-02
1.124906539916992188e-02
1.070427894592285156e-02
1.128482818603515625e-02
1.170206069946289062e-02
1.122093200683593750e-02
1.172852516174316406e-02
1.155614852905273438e-02
1.118993759155273438e-02
1.167821884155273438e-02
1.198101043701171875e-02
1.083302497863769531e-02
9.994268417358398438e-03
1.185798645019531250e-02
1.108622550964355469e-02
1.170969009399414062e-02
1.154351234436035156e-02
1.036477088928222656e-02
1.109004020690917969e-02
1.041769981384277344e-02
1.068973541259765625e-02
1.063227653503417969e-02
1.105380058288574219e-02
1.018548011779785156e-02
1.115918159484863281e-02
1.139879226684570312e-02
1.155328750610351562e-02
1.055121421813964844e-02
1.181435585021972656e-02
1.054501533508300781e-02
1.118040084838867188e-02
1.099681854248046875e-02
1.163220405578613281e-02
1.138448715209960938e-02
1.151847839355468750e-02
1.083612442016601562e-02
1.143407821655273438e-02
1.122093200683593750e-02
1.040887832641601562e-02
1.184701919555664062e-02
1.098895072937011719e-02
1.136827468872070312e-02
1.093864440917968750e-02
1.017236709594726562e-02
1.082754135131835938e-02
1.112771034240722656e-02
1.029396057128906250e-02
1.152420043945312500e-02
1.110982894897460938e-02
1.088380813598632812e-02
1.032948493957519531e-02
1.123213768005371094e-02
1.089572906494140625e-02
1.195049285888671875e-02
1.130175590515136719e-02
1.223182678222656250e-02
1.157760620117187500e-02
1.091909408569335938e-02
1.067042350769042969e-02
1.156163215637207031e-02
1.074600219726562500e-02
1.156902313232421875e-02
1.179552078247070312e-02
9.942054748535156250e-03
1.130938529968261719e-02
1.085138320922851562e-02
1.128172874450683594e-02
1.152610778808593750e-02
1.109957695007324219e-02
1.035881042480468750e-02
1.159143447875976562e-02
1.079893112182617188e-02
1.122641563415527344e-02
1.164460182189941406e-02
1.175713539123535156e-02
1.246213912963867188e-02
1.159739494323730469e-02
1.182126998901367188e-02
1.165795326232910156e-02
1.134538650512695312e-02
1.127433776855468750e-02
1.034617424011230469e-02
1.161670684814453125e-02
1.142716407775878906e-02
1.169490814208984375e-02
1.156473159790039062e-02
1.092386245727539062e-02
1.127862930297851562e-02
1.181435585021972656e-02
1.008820533752441406e-02
1.088404655456542969e-02
1.110887527465820312e-02
1.150703430175781250e-02
1.024699211120605469e-02
1.030945777893066406e-02
1.104927062988281250e-02
1.231765747070312500e-02
1.160216331481933594e-02
1.038336753845214844e-02
1.194214820861816406e-02
1.098346710205078125e-02
1.165342330932617188e-02
1.088857650756835938e-02
1.086640357971191406e-02
1.131057739257812500e-02
1.137185096740722656e-02
1.131725311279296875e-02
9.902954101562500000e-03
1.035141944885253906e-02
1.196551322937011719e-02
1.012635231018066406e-02
1.011753082275390625e-02
1.066899299621582031e-02
1.076412200927734375e-02
8.645534515380859375e-03
1.185941696166992188e-02
1.069021224975585938e-02
1.161265373229980469e-02
1.146388053894042969e-02
1.074910163879394531e-02
1.104688644409179688e-02
1.122856140136718750e-02
1.169729232788085938e-02
1.104903221130371094e-02
1.178479194641113281e-02
1.129961013793945312e-02
1.100873947143554688e-02
1.119208335876464844e-02
1.124143600463867188e-02
1.039814949035644531e-02
1.086735725402832031e-02
1.079320907592773438e-02
1.051306724548339844e-02
1.073575019836425781e-02
1.015901565551757812e-02
1.138877868652343750e-02
1.144313812255859375e-02
1.102924346923828125e-02
1.072835922241210938e-02
1.213836669921875000e-02
1.207256317138671875e-02
1.046848297119140625e-02
1.125431060791015625e-02
1.206016540527343750e-02
1.068139076232910156e-02
1.075816154479980469e-02
1.091265678405761719e-02
1.186347007751464844e-02
1.060509681701660156e-02
1.004266738891601562e-02
1.087856292724609375e-02
1.075863838195800781e-02
1.022601127624511719e-02
1.163125038146972656e-02
1.093435287475585938e-02
1.160550117492675781e-02
1.178216934204101562e-02
1.220226287841796875e-02
1.131558418273925781e-02
1.077055931091308594e-02
1.152634620666503906e-02
1.064109802246093750e-02
1.099991798400878906e-02
1.210641860961914062e-02
1.224851608276367188e-02
1.178550720214843750e-02
1.183795928955078125e-02
1.161980628967285156e-02
1.035594940185546875e-02
1.155138015747070312e-02
1.253294944763183594e-02
1.097702980041503906e-02
1.197791099548339844e-02
1.122140884399414062e-02
1.152706146240234375e-02
1.147031784057617188e-02
1.115322113037109375e-02
1.185226440429687500e-02
1.241564750671386719e-02
1.205539703369140625e-02
1.054954528808593750e-02
1.076102256774902344e-02
1.007962226867675781e-02
1.177859306335449219e-02
1.118254661560058594e-02
1.100635528564453125e-02
1.101469993591308594e-02
1.071596145629882812e-02
1.103472709655761719e-02
1.183605194091796875e-02
1.158857345581054688e-02
1.176309585571289062e-02
1.169872283935546875e-02
1.055812835693359375e-02
1.154732704162597656e-02
1.081657409667968750e-02
1.156854629516601562e-02
1.173257827758789062e-02
1.133561134338378906e-02
1.005935668945312500e-02
1.165246963500976562e-02
1.071095466613769531e-02
1.151299476623535156e-02
1.216483116149902344e-02
1.096057891845703125e-02
1.155018806457519531e-02
1.183152198791503906e-02
1.138472557067871094e-02
1.205706596374511719e-02
1.182007789611816406e-02
1.158571243286132812e-02
1.148200035095214844e-02
1.064395904541015625e-02
1.083421707153320312e-02
1.152896881103515625e-02
1.130270957946777344e-02
1.086544990539550781e-02
1.117825508117675781e-02
1.066017150878906250e-02
1.157665252685546875e-02
1.129007339477539062e-02
1.080775260925292969e-02
1.054835319519042969e-02
1.209568977355957031e-02
1.210522651672363281e-02
1.114940643310546875e-02
1.261377334594726562e-02
1.134896278381347656e-02
1.050829887390136719e-02
1.138138771057128906e-02
1.099252700805664062e-02
1.126146316528320312e-02
1.133012771606445312e-02
1.024389266967773438e-02
1.068234443664550781e-02
1.073527336120605469e-02
1.078057289123535156e-02
1.120710372924804688e-02
1.072478294372558594e-02
1.047945022583007812e-02
1.065564155578613281e-02
1.058602333068847656e-02
1.192092895507812500e-02
1.171040534973144531e-02
1.251077651977539062e-02
1.167583465576171875e-02
1.148366928100585938e-02
1.109147071838378906e-02
1.132893562316894531e-02
9.814023971557617188e-03
1.062703132629394531e-02
1.045870780944824219e-02
1.028895378112792969e-02
1.095342636108398438e-02
1.007342338562011719e-02
9.857654571533203125e-03
1.041030883789062500e-02
1.093077659606933594e-02
1.154065132141113281e-02
1.088190078735351562e-02
1.064348220825195312e-02
1.075196266174316406e-02
9.810209274291992188e-03
1.116085052490234375e-02
1.160883903503417969e-02
1.115012168884277344e-02
1.022648811340332031e-02
1.173424720764160156e-02
1.075816154479980469e-02
1.072907447814941406e-02
1.136589050292968750e-02
1.014828681945800781e-02
1.013326644897460938e-02
1.047372817993164062e-02
9.002923965454101562e-03
1.152634620666503906e-02
1.096940040588378906e-02
9.918451309204101562e-03
1.047658920288085938e-02
1.112771034240722656e-02
1.144742965698242188e-02
1.079916954040527344e-02
1.177525520324707031e-02
1.172661781311035156e-02
1.167988777160644531e-02
1.105713844299316406e-02
1.172709465026855469e-02
1.067733764648437500e-02
1.189470291137695312e-02
1.204371452331542969e-02
1.190233230590820312e-02
1.041030883789062500e-02
1.096320152282714844e-02
1.114392280578613281e-02
1.048302650451660156e-02
1.072478294372558594e-02
1.125884056091308594e-02
1.165485382080078125e-02
1.044487953186035156e-02
1.198768615722656250e-02
1.163649559020996094e-02
1.118206977844238281e-02
1.053738594055175781e-02
1.070666313171386719e-02
1.055598258972167969e-02
1.069331169128417969e-02
1.117992401123046875e-02
1.092672348022460938e-02
1.093649864196777344e-02
1.190328598022460938e-02
1.078987121582031250e-02
1.100182533264160156e-02
1.080465316772460938e-02
1.129674911499023438e-02
1.150441169738769531e-02
1.111412048339843750e-02
1.123690605163574219e-02
1.138830184936523438e-02
1.163864135742187500e-02
1.188325881958007812e-02
1.076483726501464844e-02
1.064157485961914062e-02
1.073694229125976562e-02
9.424448013305664062e-03
1.103997230529785156e-02
1.019716262817382812e-02
1.064229011535644531e-02
1.059651374816894531e-02
1.166462898254394531e-02
1.134443283081054688e-02
1.101803779602050781e-02
1.207852363586425781e-02
1.092100143432617188e-02
1.100254058837890625e-02
1.241040229797363281e-02
1.164937019348144531e-02
1.234054565429687500e-02
1.062965393066406250e-02
1.156091690063476562e-02
1.087784767150878906e-02
1.082324981689453125e-02
1.189470291137695312e-02
1.080513000488281250e-02
1.149201393127441406e-02
1.051068305969238281e-02
1.032900810241699219e-02
1.120686531066894531e-02
1.109337806701660156e-02
1.077961921691894531e-02
1.142597198486328125e-02
1.104164123535156250e-02
1.098179817199707031e-02
1.027178764343261719e-02
9.877681732177734375e-03
1.101326942443847656e-02
1.115369796752929688e-02
1.238918304443359375e-02
1.144671440124511719e-02
1.112389564514160156e-02
1.125669479370117188e-02
1.129531860351562500e-02
1.079082489013671875e-02
1.123404502868652344e-02
1.103782653808593750e-02
1.126289367675781250e-02
1.092672348022460938e-02
1.000690460205078125e-02
1.081228256225585938e-02
9.919404983520507812e-03
1.060175895690917969e-02
1.096248626708984375e-02
9.894371032714843750e-03
1.126003265380859375e-02
1.122093200683593750e-02
1.127195358276367188e-02
1.183152198791503906e-02
1.153182983398437500e-02
1.227927207946777344e-02
1.168704032897949219e-02
1.166057586669921875e-02
1.103806495666503906e-02
1.033401489257812500e-02
1.156949996948242188e-02
1.071357727050781250e-02
1.127004623413085938e-02
9.868621826171875000e-03
1.039242744445800781e-02
9.753465652465820312e-03
9.348869323730468750e-03
1.078200340270996094e-02
1.044726371765136719e-02
1.060628890991210938e-02
1.125645637512207031e-02
1.162004470825195312e-02
1.099681854248046875e-02
1.229119300842285156e-02
1.066684722900390625e-02
1.174831390380859375e-02
1.199507713317871094e-02
9.479284286499023438e-03
1.146268844604492188e-02
1.176357269287109375e-02
1.015901565551757812e-02
1.030731201171875000e-02
1.039838790893554688e-02
1.082563400268554688e-02
1.063847541809082031e-02
1.075577735900878906e-02
1.078295707702636719e-02
9.961128234863281250e-03
1.020145416259765625e-02
1.087021827697753906e-02
1.173424720764160156e-02
1.193881034851074219e-02
1.208543777465820312e-02
1.294302940368652344e-02
1.182460784912109375e-02
1.131725311279296875e-02
1.041269302368164062e-02
1.076936721801757812e-02
1.101016998291015625e-02
1.069951057434082031e-02
1.067805290222167969e-02
1.141500473022460938e-02
9.621143341064453125e-03
1.066350936889648438e-02
1.071882247924804688e-02
9.869575500488281250e-03
1.098513603210449219e-02
1.072001457214355469e-02
1.061153411865234375e-02
1.021313667297363281e-02
1.097655296325683594e-02
1.232719421386718750e-02
1.087808609008789062e-02
1.156878471374511719e-02
1.074957847595214844e-02
1.235556602478027344e-02
1.097726821899414062e-02
1.200699806213378906e-02
1.136851310729980469e-02
9.759426116943359375e-03
1.180696487426757812e-02
1.112723350524902344e-02
1.176643371582031250e-02
1.244783401489257812e-02
1.171898841857910156e-02
1.225614547729492188e-02
1.166868209838867188e-02
1.010704040527343750e-02
1.060414314270019531e-02
1.182913780212402344e-02
1.024985313415527344e-02
1.160597801208496094e-02
1.182079315185546875e-02
1.032233238220214844e-02
1.090788841247558594e-02
1.181912422180175781e-02
1.166343688964843750e-02
1.111316680908203125e-02
1.078128814697265625e-02
1.152801513671875000e-02
1.097226142883300781e-02
1.111221313476562500e-02
1.149654388427734375e-02
1.156163215637207031e-02
1.279067993164062500e-02
1.110506057739257812e-02
1.180338859558105469e-02
1.173233985900878906e-02
1.143717765808105469e-02
1.201772689819335938e-02
1.066946983337402344e-02
9.933948516845703125e-03
1.216602325439453125e-02
1.136422157287597656e-02
1.099324226379394531e-02
1.072359085083007812e-02
1.147460937500000000e-02
1.075100898742675781e-02
1.078653335571289062e-02
1.105070114135742188e-02
9.228229522705078125e-03
1.055669784545898438e-02
1.131296157836914062e-02
1.119208335876464844e-02
1.040911674499511719e-02
1.171445846557617188e-02
1.203727722167968750e-02
1.059174537658691406e-02
1.158905029296875000e-02
1.140737533569335938e-02
1.173591613769531250e-02
1.146030426025390625e-02
1.147460937500000000e-02
1.178407669067382812e-02
9.593963623046875000e-03
1.025676727294921875e-02
1.059937477111816406e-02
1.066112518310546875e-02
1.121902465820312500e-02
1.155972480773925781e-02
1.210474967956542969e-02
1.095151901245117188e-02
1.159048080444335938e-02
1.176667213439941406e-02
1.111173629760742188e-02
1.135110855102539062e-02
1.135325431823730469e-02
1.054883003234863281e-02
1.114320755004882812e-02
1.109719276428222656e-02
1.207304000854492188e-02
1.139807701110839844e-02
1.166391372680664062e-02
1.123428344726562500e-02
1.104021072387695312e-02
1.146292686462402344e-02
1.120114326477050781e-02
1.143836975097656250e-02
1.194477081298828125e-02
1.172184944152832031e-02
1.210880279541015625e-02
1.244974136352539062e-02
1.179742813110351562e-02
1.240682601928710938e-02
1.165962219238281250e-02
1.148176193237304688e-02
1.197290420532226562e-02
1.138138771057128906e-02
1.004767417907714844e-02
1.075601577758789062e-02
1.176261901855468750e-02
1.054906845092773438e-02
1.082730293273925781e-02
1.239299774169921875e-02
1.163554191589355469e-02
1.120042800903320312e-02
1.123356819152832031e-02
1.124835014343261719e-02
1.209402084350585938e-02
1.139783859252929688e-02
1.191210746765136719e-02
1.142811775207519531e-02
1.146650314331054688e-02
1.153540611267089844e-02
1.187992095947265625e-02
1.188778877258300781e-02
1.153612136840820312e-02
1.154088973999023438e-02
1.096558570861816406e-02
1.112198829650878906e-02
1.084041595458984375e-02
1.021528244018554688e-02
1.062202453613281250e-02
1.051783561706542969e-02
1.018929481506347656e-02
1.036453247070312500e-02
9.888172149658203125e-03
1.034069061279296875e-02
1.046133041381835938e-02
9.864568710327148438e-03
1.024460792541503906e-02
1.141357421875000000e-02
1.029896736145019531e-02
1.160311698913574219e-02
1.157474517822265625e-02
1.064181327819824219e-02
1.141214370727539062e-02
1.217341423034667969e-02
1.222991943359375000e-02
1.095700263977050781e-02
1.043391227722167969e-02
1.092386245727539062e-02
1.194357872009277344e-02
1.137065887451171875e-02
1.062226295471191406e-02
1.053500175476074219e-02
1.030373573303222656e-02
1.019668579101562500e-02
9.478807449340820312e-03
9.923934936523437500e-03
1.079893112182617188e-02
1.097726821899414062e-02
1.065301895141601562e-02
1.112723350524902344e-02
1.202273368835449219e-02
1.088881492614746094e-02
1.166582107543945312e-02
1.119852066040039062e-02
1.044440269470214844e-02
1.074314117431640625e-02
1.146936416625976562e-02
1.139593124389648438e-02
1.067924499511718750e-02
1.061606407165527344e-02
9.653091430664062500e-03
1.097536087036132812e-02
9.716272354125976562e-03
1.034402847290039062e-02
1.114320755004882812e-02
9.865760803222656250e-03
1.172828674316406250e-02
1.059174537658691406e-02
1.151823997497558594e-02
1.250243186950683594e-02
1.030182838439941406e-02
1.115417480468750000e-02
1.108074188232421875e-02
9.876728057861328125e-03
9.675264358520507812e-03
1.000833511352539062e-02
1.061820983886718750e-02
1.114726066589355469e-02
1.070713996887207031e-02
1.014947891235351562e-02
1.115012168884277344e-02
1.068687438964843750e-02
9.760856628417968750e-03
1.127457618713378906e-02
1.071500778198242188e-02
1.161932945251464844e-02
9.745597839355468750e-03
1.062130928039550781e-02
1.131534576416015625e-02
1.120090484619140625e-02
1.030945777893066406e-02
1.140236854553222656e-02
1.057195663452148438e-02
9.737253189086914062e-03
1.076292991638183594e-02
1.135516166687011719e-02
1.028871536254882812e-02
1.153802871704101562e-02
1.214170455932617188e-02
1.085877418518066406e-02
1.019501686096191406e-02
1.077198982238769531e-02
1.040506362915039062e-02
1.114177703857421875e-02
1.082587242126464844e-02
1.106333732604980469e-02
1.079010963439941406e-02
1.112103462219238281e-02
1.120185852050781250e-02
1.112914085388183594e-02
1.053857803344726562e-02
1.164221763610839844e-02
1.164078712463378906e-02
1.082825660705566406e-02
1.213026046752929688e-02
1.147127151489257812e-02
1.164770126342773438e-02
1.048326492309570312e-02
1.181411743164062500e-02
1.118326187133789062e-02
1.136636734008789062e-02
1.141333580017089844e-02
1.128864288330078125e-02
1.172232627868652344e-02
1.172137260437011719e-02
1.054191589355468750e-02
1.121044158935546875e-02
1.089501380920410156e-02
1.026844978332519531e-02
1.072907447814941406e-02
1.235222816467285156e-02
1.152133941650390625e-02
1.211094856262207031e-02
1.197504997253417969e-02
1.205849647521972656e-02
1.215624809265136719e-02
1.211786270141601562e-02
1.216888427734375000e-02
1.162600517272949219e-02
1.205396652221679688e-02
1.125502586364746094e-02
1.208400726318359375e-02
1.183795928955078125e-02
1.220083236694335938e-02
1.197457313537597656e-02
1.098442077636718750e-02
1.040244102478027344e-02
1.146340370178222656e-02
1.052880287170410156e-02
1.114559173583984375e-02
1.100897789001464844e-02
1.167058944702148438e-02
1.299524307250976562e-02
1.161336898803710938e-02
1.151919364929199219e-02
1.249361038208007812e-02
1.164984703063964844e-02
1.256442070007324219e-02
1.198935508728027344e-02
1.164293289184570312e-02
1.209163665771484375e-02
1.168632507324218750e-02
1.064133644104003906e-02
1.069641113281250000e-02
1.210069656372070312e-02
1.136112213134765625e-02
1.200032234191894531e-02
1.070785522460937500e-02
1.138472557067871094e-02
1.174902915954589844e-02
1.257395744323730469e-02
1.249480247497558594e-02
1.094794273376464844e-02
1.196432113647460938e-02
1.180982589721679688e-02
1.187062263488769531e-02
1.124191284179687500e-02
1.134324073791503906e-02
1.084852218627929688e-02
1.127576828002929688e-02
1.107788085937500000e-02
1.065039634704589844e-02
1.024580001831054688e-02
1.073002815246582031e-02
1.186585426330566406e-02
1.042032241821289062e-02
1.073884963989257812e-02
1.236557960510253906e-02
1.173949241638183594e-02
1.235055923461914062e-02
1.116657257080078125e-02
1.160001754760742188e-02
1.232671737670898438e-02
1.187801361083984375e-02
1.129293441772460938e-02
1.043748855590820312e-02
1.117444038391113281e-02
1.065802574157714844e-02
9.843111038208007812e-03
9.895563125610351562e-03
1.150822639465332031e-02
9.697198867797851562e-03
1.085829734802246094e-02
1.041769981384277344e-02
1.047372817993164062e-02
1.182818412780761719e-02
1.125168800354003906e-02
1.134109497070312500e-02
1.102733612060546875e-02
1.129889488220214844e-02
1.104068756103515625e-02
