2.219724655151367188e-02
1.598119735717773438e-02
1.539230346679687500e-02
1.540565490722656250e-02
1.456451416015625000e-02
1.540207862854003906e-02
1.414155960083007812e-02
1.311302185058593750e-02
1.487708091735839844e-02
1.342177391052246094e-02
1.457762718200683594e-02
1.290345191955566406e-02
1.347827911376953125e-02
1.421833038330078125e-02
1.343488693237304688e-02
1.339530944824218750e-02
1.396131515502929688e-02
1.420807838439941406e-02
1.394033432006835938e-02
1.324796676635742188e-02
1.410627365112304688e-02
1.323676109313964844e-02
1.358771324157714844e-02
1.491165161132812500e-02
1.412105560302734375e-02
1.597166061401367188e-02
1.392149925231933594e-02
1.380944252014160156e-02
1.386952400207519531e-02
1.331639289855957031e-02
1.476812362670898438e-02
1.427412033081054688e-02
1.918625831604003906e-02
1.485085487365722656e-02
1.494216918945312500e-02
1.528048515319824219e-02
1.315855979919433594e-02
1.444363594055175781e-02
1.473331451416015625e-02
1.393961906433105469e-02
1.354050636291503906e-02
1.308059692382812500e-02
1.469445228576660156e-02
1.386260986328125000e-02
1.502561569213867188e-02
1.305246353149414062e-02
1.368403434753417969e-02
1.370096206665039062e-02
1.372838020324707031e-02
1.326107978820800781e-02
1.404500007629394531e-02
1.363945007324218750e-02
1.332283020019531250e-02
1.316785812377929688e-02
1.317453384399414062e-02
1.315069198608398438e-02
1.354718208312988281e-02
1.273632049560546875e-02
1.424670219421386719e-02
1.266646385192871094e-02
1.355290412902832031e-02
1.350522041320800781e-02
1.317644119262695312e-02
1.320195198059082031e-02
1.792788505554199219e-02
1.627755165100097656e-02
1.460695266723632812e-02
1.425552368164062500e-02
1.500868797302246094e-02
1.468515396118164062e-02
1.400661468505859375e-02
1.428484916687011719e-02
1.471424102783203125e-02
1.355814933776855469e-02
1.363229751586914062e-02
1.389527320861816406e-02
1.403975486755371094e-02
1.409125328063964844e-02
1.373720169067382812e-02
1.401352882385253906e-02
1.358866691589355469e-02
1.290726661682128906e-02
1.435399055480957031e-02
1.322674751281738281e-02
1.423454284667968750e-02
1.343297958374023438e-02
1.302576065063476562e-02
1.346588134765625000e-02
1.270723342895507812e-02
1.466107368469238281e-02
1.396417617797851562e-02
1.365375518798828125e-02
1.359772682189941406e-02
1.354646682739257812e-02
1.419687271118164062e-02
1.343178749084472656e-02
1.758980751037597656e-02
1.574444770812988281e-02
1.365184783935546875e-02
1.596117019653320312e-02
1.407814025878906250e-02
1.469993591308593750e-02
1.425862312316894531e-02
1.423764228820800781e-02
1.452088356018066406e-02
1.472759246826171875e-02
1.397180557250976562e-02
1.426649093627929688e-02
1.414227485656738281e-02
1.445436477661132812e-02
1.392030715942382812e-02
1.488232612609863281e-02
1.323437690734863281e-02
1.409173011779785156e-02
1.424789428710937500e-02
1.318383216857910156e-02
1.350259780883789062e-02
1.343011856079101562e-02
1.475143432617187500e-02
1.365280151367187500e-02
1.375317573547363281e-02
1.372170448303222656e-02
1.401543617248535156e-02
1.349139213562011719e-02
1.403379440307617188e-02
1.314473152160644531e-02
1.403570175170898438e-02
1.345157623291015625e-02
1.682591438293457031e-02
1.467657089233398438e-02
1.502680778503417969e-02
1.521635055541992188e-02
1.446247100830078125e-02
1.473689079284667969e-02
1.441478729248046875e-02
1.358842849731445312e-02
1.381063461303710938e-02
1.306343078613281250e-02
1.390695571899414062e-02
1.386213302612304688e-02
1.378035545349121094e-02
1.338362693786621094e-02
1.350092887878417969e-02
1.586389541625976562e-02
1.441168785095214844e-02
1.391172409057617188e-02
1.386570930480957031e-02
1.287579536437988281e-02
1.326537132263183594e-02
1.334953308105468750e-02
1.425981521606445312e-02
1.382088661193847656e-02
1.447033882141113281e-02
1.345825195312500000e-02
1.465868949890136719e-02
1.335048675537109375e-02
1.355767250061035156e-02
1.365137100219726562e-02
1.370239257812500000e-02
1.392054557800292969e-02
2.039146423339843750e-02
1.855731010437011719e-02
2.011775970458984375e-02
1.696443557739257812e-02
1.596426963806152344e-02
1.561713218688964844e-02
1.481127738952636719e-02
1.444149017333984375e-02
1.498007774353027344e-02
1.470303535461425781e-02
1.340270042419433594e-02
1.430702209472656250e-02
1.477217674255371094e-02
1.563048362731933594e-02
1.442408561706542969e-02
1.456665992736816406e-02
1.369976997375488281e-02
1.495265960693359375e-02
1.507568359375000000e-02
1.494288444519042969e-02
1.391863822937011719e-02
1.436066627502441406e-02
1.356673240661621094e-02
1.342129707336425781e-02
1.475572586059570312e-02
1.403164863586425781e-02
1.438164710998535156e-02
1.418447494506835938e-02
1.301002502441406250e-02
1.350569725036621094e-02
1.438760757446289062e-02
1.267695426940917969e-02
1.890516281127929688e-02
1.473283767700195312e-02
1.497793197631835938e-02
1.453971862792968750e-02
1.436018943786621094e-02
1.393127441406250000e-02
1.471853256225585938e-02
1.316380500793457031e-02
1.426219940185546875e-02
1.405930519104003906e-02
1.368904113769531250e-02
1.450848579406738281e-02
1.445436477661132812e-02
1.542115211486816406e-02
1.416230201721191406e-02
1.287317276000976562e-02
1.364994049072265625e-02
1.391601562500000000e-02
1.288652420043945312e-02
1.339960098266601562e-02
1.352286338806152344e-02
1.427245140075683594e-02
1.423740386962890625e-02
1.391291618347167969e-02
1.420354843139648438e-02
1.366853713989257812e-02
1.375937461853027344e-02
1.258015632629394531e-02
1.334118843078613281e-02
1.319575309753417969e-02
1.429963111877441406e-02
1.311850547790527344e-02
1.749348640441894531e-02
1.462793350219726562e-02
1.445579528808593750e-02
1.482415199279785156e-02
1.486849784851074219e-02
1.438212394714355469e-02
1.363897323608398438e-02
1.353430747985839844e-02
1.366734504699707031e-02
1.327633857727050781e-02
1.399660110473632812e-02
1.310253143310546875e-02
1.393651962280273438e-02
1.419019699096679688e-02
1.453566551208496094e-02
1.237368583679199219e-02
1.421093940734863281e-02
1.328587532043457031e-02
1.268887519836425781e-02
1.346445083618164062e-02
1.436281204223632812e-02
1.355290412902832031e-02
1.309227943420410156e-02
1.330566406250000000e-02
1.384615898132324219e-02
1.416850090026855469e-02
1.407456398010253906e-02
1.407074928283691406e-02
1.386737823486328125e-02
1.397252082824707031e-02
1.243853569030761719e-02
1.406359672546386719e-02
1.832866668701171875e-02
1.533794403076171875e-02
1.478004455566406250e-02
1.405620574951171875e-02
1.459836959838867188e-02
1.390409469604492188e-02
1.429867744445800781e-02
1.373577117919921875e-02
1.365971565246582031e-02
1.349472999572753906e-02
1.310205459594726562e-02
1.357269287109375000e-02
1.390361785888671875e-02
1.320433616638183594e-02
1.361727714538574219e-02
1.306581497192382812e-02
1.387643814086914062e-02
1.354455947875976562e-02
1.359701156616210938e-02
1.308035850524902344e-02
1.510262489318847656e-02
1.389813423156738281e-02
1.329565048217773438e-02
1.385593414306640625e-02
1.452398300170898438e-02
1.390314102172851562e-02
1.367402076721191406e-02
1.293396949768066406e-02
1.460504531860351562e-02
1.358461380004882812e-02
1.412081718444824219e-02
1.378560066223144531e-02
1.851272583007812500e-02
1.533627510070800781e-02
1.545143127441406250e-02
1.487255096435546875e-02
1.422524452209472656e-02
1.498103141784667969e-02
1.414418220520019531e-02
1.433277130126953125e-02
1.327919960021972656e-02
1.562166213989257812e-02
1.436519622802734375e-02
1.398181915283203125e-02
1.452946662902832031e-02
1.386189460754394531e-02
1.504230499267578125e-02
1.439738273620605469e-02
1.420116424560546875e-02
1.415729522705078125e-02
1.431274414062500000e-02
1.341128349304199219e-02
1.463961601257324219e-02
1.350450515747070312e-02
1.398658752441406250e-02
1.320743560791015625e-02
1.444816589355468750e-02
1.244401931762695312e-02
1.397490501403808594e-02
1.429057121276855469e-02
1.387262344360351562e-02
1.330780982971191406e-02
1.424694061279296875e-02
1.381969451904296875e-02
