3.833379507064819336e+00
3.374099731445312500e-03
3.300905227661132812e-03
3.337621688842773438e-03
3.238677978515625000e-03
3.262281417846679688e-03
3.245592117309570312e-03
3.282070159912109375e-03
3.257989883422851562e-03
3.265619277954101562e-03
3.248453140258789062e-03
3.247737884521484375e-03
3.302097320556640625e-03
3.323078155517578125e-03
3.289937973022460938e-03
3.247261047363281250e-03
3.389120101928710938e-03
3.327608108520507812e-03
3.248691558837890625e-03
3.288745880126953125e-03
3.393888473510742188e-03
3.277540206909179688e-03
3.353834152221679688e-03
3.283739089965820312e-03
3.260374069213867188e-03
3.244400024414062500e-03
3.289699554443359375e-03
3.248214721679687500e-03
3.251314163208007812e-03
3.289699554443359375e-03
3.250360488891601562e-03
3.266334533691406250e-03
5.238533020019531250e-03
3.569364547729492188e-03
3.319263458251953125e-03
3.282785415649414062e-03
3.236293792724609375e-03
3.286361694335937500e-03
3.280878067016601562e-03
3.292083740234375000e-03
3.238916397094726562e-03
3.243684768676757812e-03
3.293275833129882812e-03
3.279209136962890625e-03
3.235340118408203125e-03
3.252029418945312500e-03
3.252267837524414062e-03
3.232002258300781250e-03
3.241062164306640625e-03
3.233432769775390625e-03
3.303289413452148438e-03
3.249168395996093750e-03
3.235101699829101562e-03
3.235578536987304688e-03
3.326177597045898438e-03
3.237485885620117188e-03
3.277540206909179688e-03
3.329753875732421875e-03
3.246307373046875000e-03
3.275871276855468750e-03
3.316879272460937500e-03
3.276109695434570312e-03
3.278732299804687500e-03
3.272056579589843750e-03
5.026340484619140625e-03
3.448486328125000000e-03
3.361701965332031250e-03
3.268957138061523438e-03
3.277778625488281250e-03
3.286838531494140625e-03
3.284215927124023438e-03
3.322362899780273438e-03
3.246307373046875000e-03
3.236055374145507812e-03
3.297805786132812500e-03
3.332138061523437500e-03
3.297328948974609375e-03
3.238201141357421875e-03
3.278493881225585938e-03
3.280878067016601562e-03
3.244876861572265625e-03
3.237247467041015625e-03
3.254175186157226562e-03
3.240585327148437500e-03
3.284931182861328125e-03
3.238439559936523438e-03
3.251314163208007812e-03
3.287553787231445312e-03
3.260850906372070312e-03
3.303050994873046875e-03
3.293991088867187500e-03
3.418207168579101562e-03
3.333330154418945312e-03
3.278017044067382812e-03
3.289937973022460938e-03
3.242731094360351562e-03
5.024433135986328125e-03
3.294944763183593750e-03
3.257989883422851562e-03
3.253698348999023438e-03
3.324747085571289062e-03
3.240585327148437500e-03
3.241062164306640625e-03
3.230571746826171875e-03
3.272533416748046875e-03
3.278017044067382812e-03
3.280162811279296875e-03
3.236770629882812500e-03
3.296852111816406250e-03
3.297805786132812500e-03
3.244161605834960938e-03
3.278732299804687500e-03
3.239631652832031250e-03
3.282546997070312500e-03
3.253221511840820312e-03
3.272294998168945312e-03
3.234863281250000000e-03
3.239154815673828125e-03
3.259420394897460938e-03
3.242015838623046875e-03
3.292322158813476562e-03
3.281354904174804688e-03
3.301382064819335938e-03
3.258228302001953125e-03
3.303527832031250000e-03
3.281593322753906250e-03
3.481388092041015625e-03
3.291368484497070312e-03
5.027294158935546875e-03
3.556251525878906250e-03
3.285884857177734375e-03
3.304719924926757812e-03
3.362894058227539062e-03
3.281116485595703125e-03
3.286600112915039062e-03
3.276824951171875000e-03
3.326177597045898438e-03
3.352880477905273438e-03
3.267288208007812500e-03
3.358602523803710938e-03
3.245353698730468750e-03
3.289461135864257812e-03
3.375291824340820312e-03
3.250122070312500000e-03
3.300189971923828125e-03
3.241062164306640625e-03
3.330945968627929688e-03
3.236770629882812500e-03
3.327846527099609375e-03
3.299951553344726562e-03
3.282546997070312500e-03
3.259420394897460938e-03
3.459215164184570312e-03
3.277063369750976562e-03
3.293752670288085938e-03
3.429889678955078125e-03
3.281831741333007812e-03
3.277301788330078125e-03
3.249645233154296875e-03
3.238677978515625000e-03
5.106449127197265625e-03
3.575801849365234375e-03
3.264904022216796875e-03
3.709554672241210938e-03
3.342628479003906250e-03
3.283977508544921875e-03
3.306627273559570312e-03
3.244400024414062500e-03
3.293037414550781250e-03
3.246068954467773438e-03
3.266334533691406250e-03
3.241062164306640625e-03
3.238916397094726562e-03
4.020690917968750000e-03
3.484964370727539062e-03
3.479003906250000000e-03
3.569364547729492188e-03
3.462076187133789062e-03
3.433465957641601562e-03
3.423213958740234375e-03
3.472328186035156250e-03
3.435134887695312500e-03
3.435850143432617188e-03
3.297090530395507812e-03
3.246068954467773438e-03
3.242254257202148438e-03
3.298282623291015625e-03
3.233671188354492188e-03
3.240108489990234375e-03
3.258466720581054688e-03
3.321886062622070312e-03
3.238916397094726562e-03
5.039691925048828125e-03
3.475189208984375000e-03
3.281831741333007812e-03
3.234624862670898438e-03
3.226280212402343750e-03
3.260612487792968750e-03
3.242254257202148438e-03
3.276586532592773438e-03
3.268957138061523438e-03
3.246784210205078125e-03
3.234386444091796875e-03
3.231048583984375000e-03
3.231287002563476562e-03
3.291606903076171875e-03
3.281116485595703125e-03
3.228187561035156250e-03
3.249883651733398438e-03
3.248929977416992188e-03
3.318309783935546875e-03
3.230094909667968750e-03
3.234624862670898438e-03
3.289937973022460938e-03
3.262519836425781250e-03
3.235816955566406250e-03
3.253936767578125000e-03
3.228187561035156250e-03
3.240108489990234375e-03
3.229379653930664062e-03
3.290176391601562500e-03
3.223180770874023438e-03
3.307819366455078125e-03
3.230571746826171875e-03
4.972219467163085938e-03
3.500223159790039062e-03
3.374338150024414062e-03
3.292083740234375000e-03
3.270864486694335938e-03
3.224611282348632812e-03
3.268957138061523438e-03
3.225803375244140625e-03
3.265857696533203125e-03
3.266096115112304688e-03
3.281831741333007812e-03
3.228425979614257812e-03
3.251791000366210938e-03
3.267526626586914062e-03
3.239870071411132812e-03
3.234624862670898438e-03
3.236532211303710938e-03
3.282070159912109375e-03
3.227233886718750000e-03
3.250837326049804688e-03
3.288745880126953125e-03
3.232240676879882812e-03
3.290891647338867188e-03
3.271818161010742188e-03
3.237962722778320312e-03
3.249406814575195312e-03
3.243207931518554688e-03
3.272533416748046875e-03
3.232240676879882812e-03
3.233432769775390625e-03
3.277540206909179688e-03
3.247499465942382812e-03
4.983425140380859375e-03
3.463506698608398438e-03
3.254175186157226562e-03
3.288030624389648438e-03
3.238201141357421875e-03
3.234386444091796875e-03
3.248929977416992188e-03
3.232002258300781250e-03
3.236770629882812500e-03
3.233671188354492188e-03
3.242254257202148438e-03
3.236532211303710938e-03
3.237009048461914062e-03
3.278970718383789062e-03
3.313302993774414062e-03
3.232479095458984375e-03
3.273248672485351562e-03
3.241300582885742188e-03
3.241777420043945312e-03
3.234148025512695312e-03
3.263950347900390625e-03
3.233194351196289062e-03
3.245592117309570312e-03
3.233671188354492188e-03
3.242492675781250000e-03
3.240346908569335938e-03
3.237724304199218750e-03
3.255128860473632812e-03
3.291845321655273438e-03
3.287792205810546875e-03
3.273487091064453125e-03
3.234148025512695312e-03
5.014419555664062500e-03
3.659486770629882812e-03
3.252267837524414062e-03
3.288745880126953125e-03
3.288507461547851562e-03
3.232479095458984375e-03
3.250360488891601562e-03
3.265380859375000000e-03
3.274202346801757812e-03
3.293514251708984375e-03
3.225564956665039062e-03
3.227472305297851562e-03
3.247976303100585938e-03
3.227949142456054688e-03
3.279209136962890625e-03
3.289699554443359375e-03
3.232240676879882812e-03
3.249645233154296875e-03
3.351688385009765625e-03
3.265857696533203125e-03
3.268241882324218750e-03
3.283023834228515625e-03
3.280401229858398438e-03
3.223657608032226562e-03
3.271818161010742188e-03
3.273725509643554688e-03
3.238677978515625000e-03
3.272294998168945312e-03
3.249883651733398438e-03
3.259181976318359375e-03
3.254413604736328125e-03
3.237485885620117188e-03
