2.499999999999945668e-02 0.000000000000000000e+00
7.500000000000166256e-02 0.000000000000000000e+00
1.250000000000000000e-01 0.000000000000000000e+00
1.750000000000033473e-01 0.000000000000000000e+00
2.249999999999977573e-01 0.000000000000000000e+00
2.749999999999977462e-01 0.000000000000000000e+00
3.249999999999929612e-01 0.000000000000000000e+00
3.750000000000000000e-01 0.000000000000000000e+00
4.250000000000074829e-01 0.000000000000000000e+00
4.750000000000108580e-01 0.000000000000000000e+00
5.249999999999880318e-01 0.000000000000000000e+00
5.750000000000062839e-01 0.000000000000000000e+00
6.250000000000000000e-01 0.000000000000000000e+00
6.749999999999878320e-01 0.000000000000000000e+00
7.250000000000149658e-01 0.000000000000000000e+00
7.749999999999845901e-01 0.000000000000000000e+00
8.250000000000181632e-01 0.000000000000000000e+00
8.750000000000000000e-01 0.000000000000000000e+00
9.249999999999788391e-01 0.000000000000000000e+00
9.750000000000013101e-01 0.000000000000000000e+00
1.025000000000003242e+00 0.000000000000000000e+00
1.075000000000024603e+00 0.000000000000000000e+00
1.125000000000000000e+00 0.000000000000000000e+00
1.174999999999973843e+00 0.000000000000000000e+00
1.224999999999982547e+00 0.000000000000000000e+00
1.275000000000020339e+00 0.000000000000000000e+00
1.325000000000028377e+00 0.000000000000000000e+00
1.375000000000000000e+00 0.000000000000000000e+00
1.424999999999970512e+00 0.000000000000000000e+00
1.474999999999970113e+00 0.000000000000000000e+00
1.525000000000031886e+00 0.000000000000000000e+00
1.575000000000031042e+00 0.000000000000000000e+00
1.625000000000000000e+00 0.000000000000000000e+00
1.674999999999968070e+00 0.000000000000000000e+00
1.724999999999961453e+00 0.000000000000000000e+00
1.775000000000040101e+00 0.000000000000000000e+00
1.825000000000015499e+00 0.000000000000000000e+00
1.875000000000000000e+00 0.000000000000000000e+00
1.924999999999995159e+00 0.000000000000000000e+00
1.974999999999954570e+00 0.000000000000000000e+00
2.025000000000046541e+00 0.000000000000000000e+00
2.074999999999991296e+00 0.000000000000000000e+00
2.125000000000000000e+00 0.000000000000000000e+00
2.175000000000016254e+00 0.000000000000000000e+00
2.224999999999949907e+00 0.000000000000000000e+00
2.275000000000051426e+00 0.000000000000000000e+00
2.324999999999972644e+00 0.000000000000000000e+00
2.375000000000000000e+00 0.000000000000000000e+00
2.425000000000033573e+00 0.000000000000000000e+00
2.474999999999945466e+00 0.000000000000000000e+00
2.525000000000054978e+00 9.285617292243660611e-04
2.574999999999957989e+00 3.794622296143696470e-03
2.625000000000000000e+00 1.503536719580851437e-02
2.675000000000047340e+00 7.777058627273925051e-02
2.724999999999942357e+00 2.664857278316908884e-01
2.775000000000058531e+00 6.502075655337793414e-01
2.824999999999945555e+00 1.225860250592356149e+00
2.875000000000000000e+00 1.969134248069907889e+00
2.925000000000058886e+00 2.692443825244831057e+00
2.974999999999939249e+00 3.256223025315670760e+00
3.025000000000061195e+00 3.603485616134195269e+00
3.074999999999935341e+00 3.650355025059955683e+00
3.125000000000000000e+00 3.575855920273215638e+00
3.175000000000068212e+00 3.288226833532333693e+00
3.224999999999937028e+00 2.982566704559404869e+00
3.275000000000063416e+00 2.641045863152251982e+00
3.324999999999926459e+00 2.407590137749271886e+00
3.375000000000000000e+00 2.169944961456665933e+00
3.425000000000076650e+00 1.972175881634156136e+00
3.474999999999949907e+00 1.779048036012439216e+00
3.525000000000044320e+00 1.628643515580423751e+00
3.574999999999918909e+00 1.522724371275108846e+00
3.625000000000000000e+00 1.452850343724741311e+00
3.675000000000084199e+00 1.394846848138877826e+00
3.724999999999977440e+00 1.301866506255766831e+00
3.775000000000018119e+00 1.202488769821042247e+00
3.824999999999912248e+00 1.174898916958720285e+00
3.875000000000000000e+00 1.164587251257302780e+00
3.925000000000089972e+00 1.127227616827370493e+00
3.975000000000001421e+00 1.110382671395244714e+00
4.024999999999994138e+00 1.138878811704364225e+00
4.074999999999906031e+00 1.120817914447236996e+00
4.125000000000000000e+00 1.072239785607403073e+00
4.175000000000094857e+00 1.059023742280506886e+00
4.225000000000022737e+00 1.038252413004722818e+00
4.274999999999972822e+00 1.023583484292260426e+00
4.324999999999901590e+00 9.960976554345108980e-01
4.375000000000000000e+00 9.876880864500411361e-01
4.425000000000100187e+00 9.667788001763290007e-01
4.475000000000041389e+00 9.489911693157392358e-01
4.524999999999954170e+00 1.003021979970635691e+00
4.574999999999897149e+00 9.769752232724077112e-01
4.625000000000000000e+00 9.973430339459965488e-01
4.675000000000104627e+00 1.016078893622263113e+00
4.725000000000059153e+00 9.781148344895512770e-01
4.774999999999937295e+00 9.778614644933868449e-01
4.824999999999892708e+00 9.881527192660818359e-01
4.875000000000000000e+00 1.016999834940237823e+00
4.925000000000109068e+00 1.040694522530158261e+00
4.975000000000074252e+00 1.061322421325835208e+00
5.024999999999923084e+00 1.082041022611822445e+00
5.074999999999889155e+00 1.050768641353098110e+00
5.125000000000000000e+00 1.076742346044610166e+00
5.175000000000112621e+00 1.082122296669287609e+00
5.225000000000088463e+00 1.070022678175116093e+00
5.274999999999908873e+00 1.052121396114954921e+00
5.324999999999886491e+00 1.094622750049296211e+00
5.375000000000000000e+00 1.123789871041228405e+00
5.425000000000115286e+00 1.138725777895999824e+00
5.475000000000100897e+00 1.160683168902596707e+00
5.524999999999897327e+00 1.192475279882807548e+00
5.574999999999882938e+00 1.262803731710350652e+00
5.625000000000000000e+00 1.289897950920910308e+00
5.675000000000117950e+00 1.330873460347577808e+00
5.725000000000111555e+00 1.351441297284114329e+00
5.774999999999885780e+00 1.378511743385701926e+00
5.824999999999880274e+00 1.384348410436983645e+00
5.875000000000000000e+00 1.414701654305223100e+00
5.925000000000121503e+00 1.457666207578641515e+00
5.975000000000123102e+00 1.482044146876958512e+00
6.024999999999875122e+00 1.528125928181289783e+00
6.074999999999877609e+00 1.530586912203771854e+00
6.125000000000000000e+00 1.532606392368216497e+00
6.175000000000123279e+00 1.512817114266503227e+00
6.225000000000132871e+00 1.473028994347697296e+00
6.274999999999865352e+00 1.486748181633404053e+00
6.324999999999874944e+00 1.483424586649767063e+00
6.375000000000000000e+00 1.486249546542727451e+00
6.425000000000125944e+00 1.429038389285025135e+00
6.475000000000140865e+00 1.388590388146605514e+00
6.524999999999856470e+00 1.384981325099859717e+00
6.574999999999873168e+00 1.416619243423110852e+00
6.625000000000000000e+00 1.422598238187501529e+00
6.675000000000127720e+00 1.390370422371367098e+00
6.725000000000149747e+00 1.350889461271593817e+00
6.774999999999848477e+00 1.352982887814175639e+00
6.824999999999882938e+00 1.371774291371335774e+00
6.875000000000000000e+00 1.309400573269313472e+00
6.925000000000103739e+00 1.324448815655320688e+00
6.975000000000157740e+00 1.296675442660433220e+00
7.024999999999842260e+00 1.257499320335829562e+00
7.074999999999913136e+00 1.240291026021113518e+00
7.125000000000000000e+00 1.244898458853965550e+00
7.175000000000075318e+00 1.198513192452163034e+00
7.225000000000163958e+00 1.165848963481243006e+00
7.274999999999835154e+00 1.190064868862430458e+00
7.324999999999941558e+00 1.183969820711871401e+00
7.375000000000000000e+00 1.170337926220996749e+00
7.425000000000047784e+00 1.176670186099560311e+00
7.475000000000171063e+00 1.169722817387935709e+00
7.524999999999827160e+00 1.140037068280067789e+00
7.574999999999966427e+00 1.145130426108496691e+00
7.625000000000000000e+00 1.165903183388200981e+00
7.675000000000022915e+00 1.146188801755448683e+00
7.725000000000177280e+00 1.150125095273134557e+00
7.774999999999821831e+00 1.130850532862351043e+00
7.824999999999992184e+00 1.130078154271556556e+00
7.875000000000000000e+00 1.146155364214797467e+00
7.924999999999998934e+00 1.141188514003463661e+00
7.975000000000182609e+00 1.162762000825808162e+00
8.024999999999815614e+00 1.170312140567358439e+00
8.075000000000015277e+00 1.167485769885298730e+00
8.125000000000000000e+00 1.143789325045126759e+00
8.174999999999977618e+00 1.174311611262107924e+00
8.225000000000189715e+00 1.209719685875805473e+00
8.274999999999810285e+00 1.202537175208104214e+00
8.325000000000034817e+00 1.234029542728810380e+00
8.375000000000000000e+00 1.247108686877619776e+00
8.424999999999956302e+00 1.234998374965529555e+00
8.475000000000193268e+00 1.243569188307747320e+00
8.524999999999804956e+00 1.284032237081001560e+00
8.575000000000054357e+00 1.293135606678150085e+00
8.625000000000000000e+00 1.309303756187248258e+00
8.674999999999936762e+00 1.295100153795748943e+00
8.725000000000198597e+00 1.299800159325015469e+00
8.774999999999801403e+00 1.340100099876277762e+00
8.825000000000073896e+00 1.363955185374809309e+00
8.875000000000000000e+00 1.359265713863844427e+00
8.924999999999917222e+00 1.377357199798286747e+00
8.975000000000202149e+00 1.370634323746286576e+00
9.024999999999796074e+00 1.348656841483588886e+00
9.075000000000091660e+00 1.370517182588134153e+00
9.125000000000000000e+00 1.367857398201722141e+00
9.174999999999899458e+00 1.389595780869724351e+00
9.225000000000207478e+00 1.360607353214701165e+00
9.274999999999792522e+00 1.354407839487453913e+00
9.325000000000109424e+00 1.352398839491011140e+00
9.375000000000000000e+00 1.327351983270522728e+00
9.424999999999883471e+00 1.341198049816095805e+00
9.475000000000211031e+00 1.343913016674297412e+00
9.524999999999787192e+00 1.347867575613412638e+00
9.575000000000125411e+00 1.327289125435424433e+00
9.625000000000000000e+00 1.315196527662868320e+00
9.674999999999867484e+00 1.293668709520940263e+00
9.725000000000216360e+00 1.293264528766221888e+00
9.774999999999783640e+00 1.285102338457517757e+00
9.825000000000141398e+00 1.295208266500734506e+00
9.875000000000000000e+00 1.278528296583796076e+00
9.924999999999851497e+00 1.271103040981201193e+00
9.975000000000218137e+00 1.293512319733379323e+00
