2.499999999999999098e-02 0.000000000000000000e+00
7.500000000000006661e-02 0.000000000000000000e+00
1.250000000000000000e-01 0.000000000000000000e+00
1.749999999999999611e-01 0.000000000000000000e+00
2.249999999999997835e-01 0.000000000000000000e+00
2.750000000000001887e-01 0.000000000000000000e+00
3.249999999999997335e-01 0.000000000000000000e+00
3.750000000000000000e-01 0.000000000000000000e+00
4.250000000000003775e-01 0.000000000000000000e+00
4.750000000000003109e-01 0.000000000000000000e+00
5.249999999999995781e-01 0.000000000000000000e+00
5.749999999999995115e-01 0.000000000000000000e+00
6.250000000000000000e-01 0.000000000000000000e+00
6.750000000000002665e-01 0.000000000000000000e+00
7.250000000000005329e-01 0.000000000000000000e+00
7.749999999999992450e-01 0.000000000000000000e+00
8.250000000000002887e-01 0.000000000000000000e+00
8.750000000000000000e-01 0.000000000000000000e+00
9.249999999999993783e-01 0.000000000000000000e+00
9.750000000000008660e-01 0.000000000000000000e+00
1.024999999999999245e+00 0.000000000000000000e+00
1.075000000000000844e+00 0.000000000000000000e+00
1.125000000000000000e+00 0.000000000000000000e+00
1.174999999999998934e+00 0.000000000000000000e+00
1.225000000000000977e+00 0.000000000000000000e+00
1.274999999999999023e+00 0.000000000000000000e+00
1.325000000000001066e+00 0.000000000000000000e+00
1.375000000000000000e+00 0.000000000000000000e+00
1.424999999999998934e+00 0.000000000000000000e+00
1.475000000000000089e+00 0.000000000000000000e+00
1.525000000000000355e+00 0.000000000000000000e+00
1.575000000000001510e+00 0.000000000000000000e+00
1.625000000000000000e+00 0.000000000000000000e+00
1.674999999999998490e+00 0.000000000000000000e+00
1.724999999999999423e+00 0.000000000000000000e+00
1.775000000000000799e+00 0.000000000000000000e+00
1.825000000000001732e+00 0.000000000000000000e+00
1.875000000000000000e+00 0.000000000000000000e+00
1.924999999999998268e+00 0.000000000000000000e+00
1.974999999999998535e+00 0.000000000000000000e+00
2.025000000000001243e+00 0.000000000000000000e+00
2.075000000000001510e+00 0.000000000000000000e+00
2.125000000000000000e+00 0.000000000000000000e+00
2.174999999999998490e+00 0.000000000000000000e+00
2.224999999999997868e+00 0.000000000000000000e+00
2.275000000000002132e+00 0.000000000000000000e+00
2.325000000000001954e+00 0.000000000000000000e+00
2.375000000000000000e+00 0.000000000000000000e+00
2.424999999999998046e+00 0.000000000000000000e+00
2.474999999999997868e+00 0.000000000000000000e+00
2.525000000000002132e+00 8.418110602916706710e-05
2.575000000000001510e+00 8.093237996675688465e-04
2.625000000000000000e+00 7.826576668837200920e-03
2.674999999999998934e+00 4.653394921127620987e-02
2.724999999999997868e+00 1.755371580836754264e-01
2.775000000000002132e+00 4.699331722420836965e-01
2.825000000000000622e+00 9.643803209450345637e-01
2.875000000000000000e+00 1.661714593226441661e+00
2.924999999999999822e+00 2.364181858808700909e+00
2.974999999999996980e+00 3.036858214533579847e+00
3.025000000000003020e+00 3.530083770512561614e+00
3.074999999999999289e+00 3.823421421936055609e+00
3.125000000000000000e+00 3.913319321915940563e+00
3.175000000000000711e+00 3.859923333056231698e+00
3.224999999999996980e+00 3.663819530837218341e+00
3.275000000000003020e+00 3.401455027328029068e+00
3.324999999999998845e+00 3.081714174333609613e+00
3.375000000000000000e+00 2.777805534678357002e+00
3.425000000000001155e+00 2.498160804752742159e+00
3.474999999999996980e+00 2.198968720611464533e+00
3.525000000000003020e+00 1.962401188740950486e+00
3.574999999999998401e+00 1.770461095135901664e+00
3.625000000000000000e+00 1.597588059982491870e+00
3.675000000000002487e+00 1.468723392235852021e+00
3.724999999999996536e+00 1.352367598440743057e+00
3.775000000000003464e+00 1.259748219658246127e+00
3.824999999999997513e+00 1.182902665312009383e+00
3.875000000000000000e+00 1.126504363590529856e+00
3.925000000000002931e+00 1.072958241064088547e+00
3.974999999999996536e+00 1.017061775887743602e+00
4.025000000000003020e+00 9.889190426694987046e-01
4.074999999999997513e+00 9.635734234880450888e-01
4.125000000000000000e+00 9.335427256370759652e-01
4.175000000000003375e+00 9.180749314626576174e-01
4.224999999999996980e+00 9.075683173555846306e-01
4.275000000000003020e+00 8.965486519430940771e-01
4.324999999999996625e+00 8.854930396338930310e-01
4.375000000000000000e+00 8.921155045906398184e-01
4.425000000000004263e+00 9.093001917670974210e-01
4.474999999999996980e+00 9.227649828828857759e-01
4.525000000000003020e+00 9.446564516764913710e-01
4.574999999999995737e+00 9.698998465348472875e-01
4.625000000000000000e+00 1.003834039992873794e+00
4.675000000000004263e+00 1.031572355299142707e+00
4.724999999999996092e+00 1.060838025695827191e+00
4.775000000000003908e+00 1.091812961061395360e+00
4.824999999999995737e+00 1.108050405226117974e+00
4.875000000000000000e+00 1.133015020617305968e+00
4.925000000000004263e+00 1.151643289756542732e+00
4.974999999999996092e+00 1.172138302202281102e+00
5.025000000000003908e+00 1.179447911979997654e+00
5.074999999999995737e+00 1.199961686065468491e+00
5.125000000000000000e+00 1.214971394212013722e+00
5.175000000000004263e+00 1.223276919819196618e+00
5.224999999999996980e+00 1.242771702561762837e+00
5.275000000000003020e+00 1.256564870393941158e+00
5.324999999999995737e+00 1.270615987138703495e+00
5.375000000000000000e+00 1.284740483388298715e+00
5.425000000000004263e+00 1.289530115426704704e+00
5.474999999999997868e+00 1.295346701998717043e+00
5.525000000000002132e+00 1.295731563756417959e+00
5.574999999999995737e+00 1.295005654194425038e+00
5.625000000000000000e+00 1.295364819033008263e+00
5.675000000000004263e+00 1.290894113490974382e+00
5.724999999999998757e+00 1.289565841483883979e+00
5.775000000000001243e+00 1.291331682914218071e+00
5.824999999999993960e+00 1.303499834321981909e+00
5.875000000000000000e+00 1.310023762822497106e+00
5.925000000000006040e+00 1.331673357505327004e+00
5.974999999999999645e+00 1.355377817877823743e+00
6.025000000000000355e+00 1.381102382212735735e+00
6.074999999999993960e+00 1.401598203322937497e+00
6.125000000000000000e+00 1.435756431155519763e+00
6.175000000000006040e+00 1.450063104004605252e+00
6.225000000000001421e+00 1.472693169623149112e+00
6.274999999999998579e+00 1.482825524649376225e+00
6.324999999999993960e+00 1.483861992767094851e+00
6.375000000000000000e+00 1.470856858251626376e+00
6.425000000000006040e+00 1.464909313799307888e+00
6.475000000000001421e+00 1.447299196598518467e+00
6.524999999999998579e+00 1.421528311784574505e+00
6.574999999999993960e+00 1.405527933440655852e+00
6.625000000000000000e+00 1.376628669329523991e+00
6.675000000000006040e+00 1.350667891742092896e+00
6.725000000000002309e+00 1.323284300609230968e+00
6.774999999999997691e+00 1.297546051797904720e+00
6.824999999999993960e+00 1.277641457219324428e+00
6.875000000000000000e+00 1.252886090365889382e+00
6.925000000000006040e+00 1.230484191497144275e+00
6.975000000000003197e+00 1.213231272902596913e+00
7.024999999999996803e+00 1.195734453499935901e+00
7.074999999999993960e+00 1.175660709390665248e+00
7.125000000000000000e+00 1.167723889311463425e+00
7.175000000000006928e+00 1.160442450438049278e+00
7.225000000000003197e+00 1.153654380087530074e+00
7.274999999999996803e+00 1.147762341962469845e+00
7.324999999999993072e+00 1.151179797113125458e+00
7.375000000000000000e+00 1.147596673006993528e+00
7.425000000000006928e+00 1.149445679353416017e+00
7.475000000000004974e+00 1.148277214200317697e+00
7.524999999999995026e+00 1.152013582981889162e+00
7.574999999999993072e+00 1.157758690768467602e+00
7.625000000000000000e+00 1.156888963338016607e+00
7.675000000000006928e+00 1.168316737612618006e+00
7.725000000000004974e+00 1.172495177268311650e+00
7.774999999999994138e+00 1.178459213410242290e+00
7.824999999999993072e+00 1.180484361711425345e+00
7.875000000000000000e+00 1.188291055588437839e+00
7.925000000000006928e+00 1.185729697882652145e+00
7.975000000000005862e+00 1.183531672411789248e+00
8.024999999999995026e+00 1.193011215376556411e+00
8.074999999999993960e+00 1.193788777682508018e+00
8.125000000000000000e+00 1.189912549681403586e+00
8.175000000000006040e+00 1.192520171049181954e+00
8.225000000000004974e+00 1.198845995622394245e+00
8.274999999999993250e+00 1.189617616612309359e+00
8.324999999999993960e+00 1.193652589298363154e+00
8.375000000000000000e+00 1.197120947133695212e+00
8.425000000000006040e+00 1.198625951587958927e+00
8.475000000000006750e+00 1.204182232142772202e+00
8.524999999999993250e+00 1.200507039565406719e+00
8.574999999999993960e+00 1.202493668361261703e+00
8.625000000000000000e+00 1.201346318301272920e+00
8.675000000000006040e+00 1.207187714186617189e+00
8.725000000000006750e+00 1.206116119478089388e+00
8.774999999999993250e+00 1.207203102715776133e+00
8.824999999999993960e+00 1.214908586403846025e+00
8.875000000000000000e+00 1.216387833953950226e+00
8.925000000000006040e+00 1.221757383439347588e+00
8.975000000000008527e+00 1.220551076917499422e+00
9.024999999999991473e+00 1.228840546080582241e+00
9.074999999999993960e+00 1.229137841417130561e+00
9.125000000000000000e+00 1.234610965370545710e+00
9.175000000000007816e+00 1.234378059495019331e+00
9.225000000000008527e+00 1.234739461298032026e+00
9.274999999999991473e+00 1.238845615969407898e+00
9.324999999999992184e+00 1.235144016890965091e+00
9.375000000000000000e+00 1.238651591773774374e+00
9.425000000000007816e+00 1.233122602649826982e+00
9.475000000000008527e+00 1.226143791300409180e+00
9.524999999999991473e+00 1.226950834026266701e+00
9.574999999999992184e+00 1.220936778731920969e+00
9.625000000000000000e+00 1.211722987142896946e+00
9.675000000000007816e+00 1.205832275631733896e+00
9.725000000000008527e+00 1.203761050985721281e+00
9.774999999999991473e+00 1.193983075534186478e+00
9.824999999999992184e+00 1.186495117258206999e+00
9.875000000000000000e+00 1.178552120080336829e+00
9.925000000000007816e+00 1.172016472708974355e+00
9.975000000000008527e+00 1.166253499217461131e+00
